year month d0 d10 d40 d60 d70 d80 d90 dtot
1979 1 4810 900 24449 26055 40411 45457 30697 172779
1979 2 4266 819 22046 23017 36109 40138 26570 152965
1979 3 4698 887 24352 24706 38720 42583 27881 163827
1979 4 4311 893 23671 23946 37345 40801 27070 158037
1979 5 4494 1000 24953 24278 37929 41301 27187 161142
1979 6 4434 1105 24054 23191 35763 38813 25337 152697
1979 7 4471 1155 25301 23535 36519 39194 25697 155872
1979 8 4364 1023 24724 23170 36077 38515 25217 153090
1979 9 4447 877 23830 22220 34938 38497 25341 150150
1979 10 4543 874 24574 24400 38232 42058 28160 162841
1979 11 4387 817 23749 23757 37548 41425 28303 159986
1979 12 4684 882 24984 25200 40348 45280 31338 172716
1980 1 4747 864 24197 25784 41102 46609 33061 176364
1980 2 4457 854 22905 24770 40162 46575 34248 173971
1980 3 4621 821 23858 25302 41190 47430 34138 177360
1980 4 4326 772 23023 23904 38175 41451 28426 160077
1980 5 4457 943 24286 24071 38414 41225 26875 160271
1980 6 4409 1091 24792 23121 36224 39096 25702 154435
1980 7 4597 1185 26506 24364 38166 41339 27541 163698
1980 8 4392 1063 25989 23529 36703 39513 26398 157587
1980 9 4321 773 23734 22639 35727 38260 25713 151167
1980 10 4502 804 23736 24156 38803 42691 29100 163792
1980 11 4339 776 23697 24213 38405 42880 29871 164181
1980 12 4655 838 25357 26881 44267 50640 37010 189648
1981 1 4607 835 25607 28157 46327 54999 42556 203088
1981 2 4077 802 21837 23416 37723 42909 31050 161814
1981 3 4598 782 23622 24686 40248 44243 30944 169123
1981 4 4241 784 23093 23616 37896 41232 28243 159105
1981 5 4216 870 24033 24431 38757 41693 28262 162262
1981 6 4176 1021 23971 23095 36500 39367 26588 154718
1981 7 4247 1074 25290 23652 37097 40194 27463 159017
1981 8 4234 982 24516 23502 36542 39766 27379 156921
1981 9 4075 709 22954 22731 36053 38966 26836 152324
1981 10 4477 787 23826 24237 39034 43022 30436 165819
1981 11 4164 740 22677 23792 38309 42255 29790 161727
1981 12 4385 773 23852 25290 40962 46450 33062 174774
1982 1 4615 792 23222 26164 42170 48389 34553 179905
1982 2 4000 649 20694 22423 36489 40965 29537 154757
1982 3 4463 779 23101 24807 41153 46508 32759 173570
1982 4 4436 780 22509 24099 40404 44641 32015 168884
1982 5 4313 840 23783 24259 39586 43844 30283 166908
1982 6 3931 907 22925 23043 36853 41062 27690 156411
1982 7 4047 1090 24516 23890 38222 41873 29362 163000
1982 8 4029 934 23645 23319 36902 41050 28204 158083
1982 9 4101 754 22196 22670 36708 40439 28295 155163
1982 10 4239 755 22633 24328 39221 44162 30577 165915
1982 11 4102 676 21757 23518 38179 43092 30477 161801
1982 12 4159 748 22730 25076 40734 46372 33072 172891
1983 1 4379 711 22895 25801 42644 49257 36224 181911
1983 2 3907 647 20569 23668 39313 45687 34416 168207
1983 3 4223 737 22062 25250 41725 49004 35909 178910
1983 4 3969 736 21789 24140 40058 45472 33526 169690
1983 5 4023 789 22674 24308 39807 44534 31164 167299
1983 6 3833 902 22073 22924 37852 41688 28786 158058
1983 7 3878 959 23681 24062 38448 43330 30491 164849
1983 8 4056 902 23262 23302 37402 41978 29352 160254
1983 9 3960 717 21844 22479 36723 41184 28830 155737
1983 10 4100 712 22369 23718 39241 44629 31793 166562
1983 11 4048 663 21817 23561 39095 44991 32417 166592
1983 12 4171 741 23062 26282 42786 49895 36555 183492
1984 1 4176 721 22370 25597 42830 49918 38038 183650
1984 2 3918 736 21139 23677 39368 46017 34495 169350
1984 3 4056 679 22528 25203 42492 49394 37172 181524
1984 4 3860 758 21630 24084 40249 46841 34174 171596
1984 5 3969 766 22543 23939 40100 45838 32604 169759
1984 6 3878 883 22621 23172 38267 43076 30230 162127
1984 7 3820 910 23238 23220 38016 42709 29882 161795
1984 8 3780 846 23112 23264 37254 42778 29820 160854
1984 9 3721 743 22191 22479 36918 42389 30055 158496
1984 10 4005 693 22573 23887 39398 45224 32362 168142
1984 11 3901 663 22354 23911 39964 46385 33290 170468
1984 12 3976 725 23221 25415 42439 50774 37464 184014
1985 1 4240 725 23336 27260 46289 56569 43152 201571
1985 2 3720 682 21252 24165 41945 51751 40726 184241
1985 3 4059 701 22836 24802 42318 50432 37692 182840
1985 4 3983 715 21954 23300 39535 46297 33231 169015
1985 5 3963 758 22822 23644 39470 45425 32434 168516
1985 6 3731 900 22840 22452 37772 42997 30286 160978
1985 7 3884 953 23638 23049 38344 43847 31131 164846
1985 8 3708 836 23575 23078 37455 43287 30718 162657
1985 9 3893 713 22288 22751 37470 43393 31192 161700
1985 10 3965 632 22801 23423 40123 46755 34756 172455
1985 11 3959 654 22361 23361 39149 46274 34472 170230
1985 12 4395 712 23525 25731 43433 52285 39368 189449
1986 1 4202 701 23726 25597 44325 54174 42096 194821
1986 2 3711 692 21409 23264 41018 49563 38805 178462
1986 3 4043 749 23670 24751 43935 52407 40614 190169
1986 4 3764 689 22572 23131 40166 47352 34962 172636
1986 5 3922 752 23897 23306 39862 46859 33718 172316
1986 6 3729 847 23789 22078 37715 44015 31498 163671
1986 7 3939 931 25106 23039 39134 45090 32880 170119
1986 8 3795 837 24644 22529 38218 44600 31514 166137
1986 9 3674 724 23169 21828 37921 43928 31979 163223
1986 10 3815 623 23618 22819 40107 47071 34666 172719
1986 11 3860 611 23231 22905 40363 48133 35480 174583
1986 12 4028 703 24191 24284 43493 52440 39382 188521
1987 1 4159 686 24132 25293 44943 55139 42117 196469
1987 2 3551 575 21356 21910 39375 47305 36470 170542
1987 3 3929 691 24094 23816 42999 52145 39243 186917
1987 4 3708 660 23065 22967 40445 48533 36057 175435
1987 5 3855 776 24247 22838 40608 47933 34789 175046
1987 6 3782 864 23863 22187 38671 45010 33116 167493
1987 7 3766 945 24889 22774 39364 46344 34066 172148
1987 8 3751 877 25056 22158 38783 45647 33969 170241
1987 9 3632 678 23202 21315 37700 45277 33213 165017
1987 10 3940 643 24592 22653 41390 49684 38017 180919
1987 11 3896 657 23113 22101 39918 48797 37379 175861
1987 12 4008 742 24463 23828 42637 53045 40942 189665
1988 1 4073 761 24569 24479 44584 57045 45345 200856
1988 2 3804 635 22926 23246 42706 54341 44154 191812
1988 3 4035 674 24391 23879 44596 55731 44954 198260
1988 4 3699 660 23494 22220 40061 49327 37023 176484
1988 5 3805 816 24356 22438 40367 48852 36328 176962
1988 6 3759 856 23750 21478 38617 46029 33771 168260
1988 7 3845 963 25832 21958 39018 46447 34339 172402
1988 8 3719 859 25648 21893 38568 46715 34267 171669
1988 9 3774 649 24061 21155 37303 45820 33643 166405
1988 10 3923 702 24948 22328 40689 49541 37541 179672
1988 11 3940 667 23775 21694 39795 48651 36885 175407
1988 12 4075 727 25498 23526 43039 53938 41610 192413
1989 1 4151 744 25268 23798 44147 55934 44007 198049
1989 2 3697 688 22916 21893 40570 51562 41287 182613
1989 3 4123 754 25139 22997 42945 54280 42768 193006
1989 4 3832 666 23692 21499 39648 48937 36656 174930
1989 5 4023 761 24669 21757 40049 48484 35944 175687
1989 6 3701 797 24326 20509 37469 45183 33382 165367
1989 7 3788 956 25425 20601 38007 46265 34188 169230
1989 8 3743 833 25086 20741 38025 46287 33645 168360
1989 9 3882 690 24413 20375 36770 45242 34066 165438
1989 10 3918 698 25568 21590 39565 49644 37944 178927
1989 11 3909 665 24137 21060 39378 49205 37664 176018
1989 12 4282 726 26670 23820 45452 58767 45951 205668
1990 1 4303 679 26045 24481 47268 62813 51389 216978
1990 2 3635 673 22625 20603 39475 51165 40818 178994
1990 3 3983 658 24781 21972 41628 52809 40343 186174
1990 4 3765 675 24134 20827 39148 48798 37126 174473
1990 5 3780 697 24998 21114 39348 48660 36173 174770
1990 6 3676 807 25335 20261 37910 46521 34703 169213
1990 7 3690 805 26405 20485 38282 46705 35173 171545
1990 8 3686 811 25936 20187 37703 46283 34065 168671
1990 9 3539 692 24854 19695 37087 45462 34786 166115
1990 10 3759 674 25276 20653 39403 49690 38222 177677
1990 11 3670 622 24419 20784 39231 49658 38333 176717
1990 12 3909 690 25355 22164 42288 53465 42124 189995
1991 1 3869 645 25380 22466 43281 55329 44432 195402
1991 2 3550 602 22740 20170 38619 50060 40214 175955
1991 3 3979 698 25498 21882 42550 54071 43347 192025
1991 4 3718 699 24551 20554 39866 50284 39186 178858
1991 5 3851 722 25479 20674 39775 49936 38003 178440
1991 6 3540 811 25875 19864 37597 47124 35556 170367
1991 7 3580 856 26774 20205 38390 47604 36577 173986
1991 8 3623 800 26643 19598 37626 46968 35728 170986
1991 9 3464 594 25210 19147 37251 45964 35426 167056
1991 10 3549 691 25826 20479 39619 50556 40149 180869
1991 11 3605 650 25384 20822 40361 51661 41043 183526
1991 12 3769 759 26661 22768 44597 58559 47899 205012
1992 1 3822 613 26755 22577 45205 60064 50662 209698
1992 2 3499 612 24243 19689 39590 50686 41134 179453
1992 3 3661 669 25333 20782 41272 52705 41872 186294
1992 4 3384 635 24684 19805 39174 49895 39289 176866
1992 5 3426 716 26021 20210 39521 49943 38848 178685
1992 6 3230 820 25412 19341 37833 47386 36736 170758
1992 7 3331 815 26701 19744 38335 47522 37063 173511
1992 8 3462 790 26542 19437 38209 47814 36975 173229
1992 9 3375 639 25359 18951 37321 46882 36689 169216
1992 10 3428 660 26532 19808 39910 51059 40624 182021
1992 11 3316 620 25888 19850 39292 50187 40800 179953
1992 12 3567 690 27019 21457 43096 56280 46916 199025
1993 1 3654 672 27236 21479 43244 56812 47672 200769
1993 2 3399 653 24780 19833 40353 53409 45550 187977
1993 3 3705 713 27437 21933 45401 60832 52498 212519
1993 4 3385 654 26108 20191 40857 54166 44565 189926
1993 5 3345 716 26904 20055 40696 52262 41431 185409
1993 6 3341 800 26430 19320 38236 48530 38832 175489
1993 7 3432 933 28427 19768 39237 49604 39963 181364
1993 8 3067 813 27617 19403 38183 48522 38898 176503
1993 9 3149 699 26337 18548 37487 47992 38938 173150
1993 10 3477 678 27665 20122 40293 52911 44010 189156
1993 11 3260 666 26610 19826 40019 53174 44405 187960
1993 12 3426 722 28518 21668 44620 60405 51853 211212
1994 1 3461 678 29176 23137 48654 67896 61178 234180
1994 2 3192 583 24747 19154 39596 53382 45661 186315
1994 3 3400 660 27631 20369 41878 55386 45926 195250
1994 4 3175 711 26879 19570 39565 52110 43356 185366
1994 5 3312 733 27870 19908 40170 52202 42704 186899
1994 6 3207 797 27658 19188 38341 49267 39912 178370
1994 7 3196 884 28569 19258 38224 49715 40496 180342
1994 8 3237 772 28449 18900 38572 49924 40483 180337
1994 9 2998 660 27331 18703 37782 48206 40513 176193
1994 10 3073 704 28496 19708 40208 52864 44330 189383
1994 11 3053 636 27328 19225 39183 52345 44645 186415
1994 12 3297 716 28846 20561 42287 57448 49659 202814
1995 1 3184 701 28748 21315 44104 60207 52724 210983
1995 2 2975 625 26021 19297 39825 55140 48644 192527
1995 3 3125 688 28355 20745 43406 59503 51683 207505
1995 4 2968 678 27411 19491 40369 54121 46245 191283
1995 5 3065 722 28022 19321 40100 53655 44842 189727
1995 6 2969 784 27945 18713 37398 50355 41387 179551
1995 7 2984 911 29310 19309 38746 51409 43008 185677
1995 8 2980 822 29435 19098 37748 50048 42454 182585
1995 9 2814 640 27388 18411 37197 49524 41841 177815
1995 10 2978 690 28420 19351 39105 53302 46112 189958
1995 11 2855 655 27596 19695 39632 54270 48006 192709
1995 12 3164 741 29671 21315 43959 61135 54480 214465
1996 1 3195 704 29420 21768 45041 63956 57733 221817
1996 2 2774 639 26209 19360 39269 55972 49257 193480
1996 3 2979 700 27963 20185 41811 58823 50859 203320
1996 4 2948 632 26358 19534 39614 54820 48124 192030
1996 5 2917 731 27621 19341 39256 53614 44920 188400
1996 6 2804 806 26949 18588 36724 50321 42259 178451
1996 7 2812 843 27622 18870 37781 51248 43044 182220
1996 8 2818 784 26854 18442 37066 50694 42532 179190
1996 9 2717 610 25789 18325 36406 49686 42270 175803
1996 10 2916 625 26595 19284 38879 54573 47671 190543
1996 11 2822 637 26106 19300 38720 54965 48339 190889
1996 12 2841 675 27725 21292 44143 65135 59721 221532
1997 1 2964 660 28046 21564 44869 67710 62746 228559
1997 2 2660 577 24237 18769 37584 55170 49758 188755
1997 3 2977 702 26865 20166 41643 59709 53144 205206
1997 4 2733 665 25346 19330 38729 56203 49149 192155
1997 5 2784 723 26337 19622 38806 55085 48061 191418
1997 6 2781 743 25613 18420 36525 51354 43209 178645
1997 7 2740 868 26399 18648 37002 51876 44206 181739
1997 8 2822 747 26340 18607 36398 50906 43797 179617
1997 9 2698 594 24979 18065 35392 50228 43639 175595
1997 10 2878 640 26049 19304 38001 54795 48892 190559
1997 11 2709 572 25360 18945 38216 56133 50127 192062
1997 12 2886 643 26937 21089 41902 61895 57509 212861
1998 1 2988 648 27559 22352 44919 69153 65929 233548
1998 2 2647 592 24222 19393 39314 60546 58028 204742
1998 3 2964 631 26046 20265 40271 60706 55080 205963
1998 4 2820 588 24695 19107 37488 54634 47729 187061
1998 5 2780 675 25927 19056 37845 54822 47267 188372
1998 6 2752 744 25640 18676 36546 52408 44905 181671
1998 7 2881 754 26647 18892 36790 52611 45787 184362
1998 8 2857 756 26273 18947 36461 52765 45760 183819
1998 9 2711 595 25169 18280 35097 51145 45180 178177
1998 10 2799 645 25845 19718 37946 56213 50460 193626
1998 11 2695 583 25202 19292 37370 56451 51072 192665
1998 12 2830 632 26464 20309 39750 60749 55549 206283
1999 1 2824 601 27318 22237 42729 67269 64915 227893
1999 2 2621 625 24648 19722 39424 62312 59079 208431
1999 3 2872 621 26946 21861 42604 67568 64605 227077
1999 4 2762 599 25493 19606 37594 58009 52771 196834
1999 5 2790 638 26411 19797 36854 55701 50025 192216
1999 6 2779 708 25693 18587 34584 51984 46064 180399
1999 7 2796 741 27272 19275 35891 53523 47594 187092
1999 8 2746 728 26226 18932 34750 52525 46861 182768
1999 9 2731 601 25437 18308 34253 52117 47073 180520
1999 10 2832 599 26447 19833 37059 56503 52621 195894
1999 11 2628 576 25381 19332 36159 55809 52428 192313
1999 12 2885 610 27899 22050 41510 65823 62297 223074
2000 1 2887 650 29252 23408 44876 73312 73753 248138
2000 2 2651 524 25637 19812 37381 59968 57657 203630
2000 3 2836 598 26364 20098 37758 59519 54965 202138
2000 4 2780 623 25747 19248 35755 55552 50997 190702
2000 5 2778 650 26958 20049 36389 55678 50912 193414
2000 6 2794 629 26440 18900 34272 52736 47654 183425
2000 7 2769 757 27538 19661 34837 53769 49543 188874
2000 8 2712 675 27217 19385 34835 54598 49568 188990
2000 9 2700 592 26302 18958 34314 53974 50403 187243
2000 10 2764 597 27115 20028 36428 58337 54807 200076
2000 11 2600 555 26480 19936 36132 58696 55156 199555
2000 12 2840 624 28260 21994 39051 64898 62978 220645
2001 1 2911 620 28800 22362 40257 66848 65148 226946
2001 2 2732 561 25862 19692 35504 58572 56012 198935
2001 3 2839 580 27952 21334 38340 63747 61008 215800
2001 4 2712 592 27157 20340 36385 59651 56154 202991
2001 5 2825 601 27981 20132 36141 58391 54816 200887
2001 6 2578 639 27269 19239 34612 55346 51831 191514
2001 7 2712 687 28037 19807 34465 54724 51113 191545
2001 8 2726 611 28287 19854 34485 54794 50487 191244
2001 9 2611 529 29606 19555 33048 53231 50497 189077
2001 10 2732 545 28302 20579 35834 58707 55938 202637
2001 11 2660 596 27255 20286 35142 57171 54254 197364
2001 12 2748 599 28433 21529 37492 61307 58481 210589
