year month d0 d10 d40 d60 d70 d80 d90 dtot
1979 1 0 0 1 0 2 4 4 11
1979 2 0 1 1 0 0 2 1 5
1979 3 0 0 1 0 0 2 2 5
1979 4 0 0 0 0 2 2 2 6
1979 5 1 0 0 0 0 0 1 2
1979 6 0 0 0 0 0 2 0 2
1979 7 0 0 0 0 0 0 0 0
1979 8 0 0 0 0 0 0 1 1
1979 9 0 0 0 0 1 0 1 2
1979 10 0 0 0 0 1 1 2 4
1979 11 1 0 0 1 0 1 2 5
1979 12 0 0 0 0 1 3 5 9
1980 1 0 1 2 3 8 13 20 47
1980 2 0 0 5 3 9 23 44 84
1980 3 0 2 2 1 11 15 39 70
1980 4 0 0 0 1 0 1 4 6
1980 5 0 0 0 0 1 1 1 3
1980 6 0 0 0 0 0 0 0 0
1980 7 0 0 0 0 0 1 0 1
1980 8 0 0 0 0 0 0 1 1
1980 9 0 0 0 0 1 0 0 1
1980 10 0 0 0 1 0 2 4 7
1980 11 0 0 0 0 1 1 2 4
1980 12 0 0 0 0 5 7 15 27
1981 1 0 0 6 8 36 70 108 228
1981 2 0 0 4 6 4 16 46 76
1981 3 0 0 2 0 2 0 4 8
1981 4 0 0 0 0 0 2 2 4
1981 5 0 0 0 0 0 0 0 0
1981 6 0 0 0 0 0 0 0 0
1981 7 0 0 0 0 0 0 2 2
1981 8 0 0 0 0 0 0 2 2
1981 9 0 0 0 0 0 0 0 0
1981 10 0 0 0 0 0 2 2 4
1981 11 0 0 2 0 0 0 0 2
1981 12 0 0 0 2 0 0 0 2
1982 1 0 0 0 2 0 4 4 10
1982 2 0 0 0 0 0 2 2 4
1982 3 0 0 0 0 0 2 2 4
1982 4 0 0 0 2 0 2 0 4
1982 5 0 0 0 0 4 2 4 10
1982 6 0 0 0 0 0 0 0 0
1982 7 0 0 0 0 0 0 0 0
1982 8 0 0 0 0 0 0 2 2
1982 9 0 0 0 0 0 0 0 0
1982 10 0 0 0 4 0 2 0 6
1982 11 0 0 0 0 0 4 0 4
1982 12 0 0 0 0 4 0 2 6
1983 1 0 0 0 0 2 5 4 11
1983 2 0 0 0 2 4 6 23 35
1983 3 0 1 1 2 6 17 17 44
1983 4 0 0 0 0 1 5 4 10
1983 5 0 0 0 0 2 1 3 6
1983 6 0 0 0 0 1 0 1 2
1983 7 0 0 1 0 0 0 1 2
1983 8 0 0 0 0 0 1 2 3
1983 9 0 0 0 1 0 0 1 2
1983 10 0 0 0 1 0 2 2 5
1983 11 0 0 0 0 1 0 3 4
1983 12 0 0 0 0 0 1 1 2
1984 1 0 0 0 0 2 0 5 7
1984 2 0 0 1 1 1 9 8 20
1984 3 0 0 1 1 1 11 15 29
1984 4 0 0 0 1 0 8 4 13
1984 5 0 0 0 0 1 1 0 2
1984 6 0 0 0 0 0 0 0 0
1984 7 0 0 0 0 0 1 1 2
1984 8 0 0 1 0 0 1 0 2
1984 9 0 0 0 0 0 0 2 2
1984 10 0 1 1 0 1 0 3 6
1984 11 0 0 1 0 1 0 1 3
1984 12 0 0 1 0 0 3 6 10
1985 1 0 0 0 3 5 16 30 54
1985 2 0 1 1 5 9 29 26 71
1985 3 0 0 0 0 0 4 7 11
1985 4 0 0 0 0 0 1 0 1
1985 5 0 0 0 0 0 1 1 2
1985 6 0 0 0 0 0 2 1 3
1985 7 0 0 1 0 0 1 0 2
1985 8 1 0 0 0 0 0 1 2
1985 9 0 0 0 1 0 0 0 1
1985 10 0 0 0 0 0 0 0 0
1985 11 0 0 0 1 0 0 2 3
1985 12 0 0 0 0 1 2 1 4
1986 1 1 1 4 4 1 6 16 33
1986 2 0 0 7 5 16 30 29 87
1986 3 0 0 0 2 6 17 16 41
1986 4 0 0 0 0 0 1 2 3
1986 5 0 0 1 1 0 1 0 3
1986 6 0 0 0 0 0 0 1 1
1986 7 0 0 0 0 1 0 0 1
1986 8 0 0 0 0 0 1 0 1
1986 9 0 0 0 0 0 1 0 1
1986 10 0 0 0 0 0 1 1 2
1986 11 0 0 0 0 0 2 3 5
1986 12 0 0 1 0 3 2 6 12
1987 1 0 0 1 2 1 4 11 19
1987 2 0 0 1 1 3 5 4 14
1987 3 0 0 2 1 0 1 2 6
1987 4 0 0 0 0 1 0 1 2
1987 5 0 0 0 0 0 0 1 1
1987 6 0 0 0 0 0 0 1 1
1987 7 0 0 0 0 0 0 0 0
1987 8 0 0 0 0 1 1 0 2
1987 9 0 0 0 0 0 0 1 1
1987 10 1 0 0 0 0 0 0 1
1987 11 0 0 1 1 0 0 2 4
1987 12 0 0 0 1 0 1 3 5
1988 1 0 0 0 1 3 4 5 13
1988 2 0 0 2 1 4 11 23 41
1988 3 0 0 0 0 8 8 18 34
1988 4 0 0 0 0 2 3 3 8
1988 5 0 0 0 0 0 1 0 1
1988 6 0 0 1 0 0 0 2 3
1988 7 0 0 0 0 1 0 0 1
1988 8 0 0 0 0 0 0 0 0
1988 9 0 0 0 0 0 0 1 1
1988 10 0 0 1 0 2 0 1 4
1988 11 0 0 0 0 1 1 1 3
1988 12 0 0 0 1 2 3 1 7
1989 1 0 0 3 1 3 3 8 18
1989 2 0 0 3 3 7 8 24 45
1989 3 1 0 2 3 1 7 7 21
1989 4 0 0 0 0 0 0 2 2
1989 5 0 0 0 0 0 0 1 1
1989 6 0 0 0 0 0 0 1 1
1989 7 0 0 0 0 0 1 0 1
1989 8 0 0 0 0 0 0 0 0
1989 9 0 0 0 0 0 0 0 0
1989 10 0 0 0 0 1 1 1 3
1989 11 0 0 0 0 1 2 3 6
1989 12 0 0 1 2 3 5 8 19
1990 1 0 1 2 9 8 29 46 95
1990 2 1 0 0 2 7 13 21 44
1990 3 0 0 0 0 0 4 10 14
1990 4 0 0 0 0 0 1 2 3
1990 5 0 0 0 0 0 0 0 0
1990 6 0 0 0 0 0 1 0 1
1990 7 0 0 0 0 0 0 0 0
1990 8 0 1 0 0 0 0 0 1
1990 9 0 0 1 0 0 0 0 1
1990 10 0 0 0 0 1 2 1 4
1990 11 0 0 0 0 1 0 2 3
1990 12 1 0 0 0 1 1 4 7
1991 1 0 0 0 0 1 3 0 4
1991 2 0 0 0 1 0 4 4 9
1991 3 0 0 2 0 1 2 2 7
1991 4 0 0 2 0 0 1 1 4
1991 5 0 0 0 1 1 0 0 2
1991 6 0 0 1 0 2 0 0 3
1991 7 0 0 1 0 0 0 0 1
1991 8 0 0 0 0 1 0 0 1
1991 9 0 0 0 0 0 0 0 0
1991 10 0 0 0 0 1 1 0 2
1991 11 0 0 0 0 0 1 4 5
1991 12 0 1 4 4 7 17 27 60
1992 1 1 0 3 2 10 23 23 62
1992 2 0 0 1 0 1 3 4 9
1992 3 0 0 0 0 1 1 1 3
1992 4 0 0 0 0 1 0 1 2
1992 5 0 0 0 0 0 0 0 0
1992 6 0 0 1 0 0 0 1 2
1992 7 0 0 0 0 0 1 1 2
1992 8 0 0 0 0 0 2 0 2
1992 9 1 0 0 0 0 0 0 1
1992 10 0 0 1 0 1 1 0 3
1992 11 0 0 0 1 0 0 0 1
1992 12 0 0 0 0 0 1 0 1
1993 1 0 0 0 0 0 5 6 11
1993 2 1 0 1 0 1 7 5 15
1993 3 0 0 1 1 4 2 7 15
1993 4 0 0 0 0 2 3 1 6
1993 5 0 0 0 0 0 2 1 3
1993 6 0 0 0 0 0 0 0 0
1993 7 0 0 0 0 0 0 1 1
1993 8 0 0 1 0 0 0 0 1
1993 9 0 0 0 0 1 1 0 2
1993 10 0 0 0 0 0 1 0 1
1993 11 0 0 0 1 1 0 0 2
1993 12 0 0 1 0 0 6 8 15
1994 1 0 0 4 5 14 30 31 84
1994 2 0 0 0 0 3 6 3 12
1994 3 0 0 0 0 0 0 1 1
1994 4 0 0 0 0 1 0 0 1
1994 5 0 0 0 1 1 0 0 2
1994 6 0 0 0 0 0 1 0 1
1994 7 0 0 0 0 0 0 0 0
1994 8 0 0 0 0 0 0 1 1
1994 9 0 0 0 0 0 1 1 2
1994 10 0 0 0 0 0 0 0 0
1994 11 0 0 0 0 0 1 2 3
1994 12 0 0 0 1 1 0 1 3
1995 1 0 0 1 0 2 1 1 5
1995 2 0 0 1 1 1 11 10 24
1995 3 0 0 1 0 2 5 14 22
1995 4 0 0 0 1 0 0 3 4
1995 5 0 0 1 0 0 0 0 1
1995 6 0 0 0 0 0 0 0 0
1995 7 0 0 1 0 0 0 0 1
1995 8 0 0 0 0 0 0 0 0
1995 9 0 0 0 0 0 0 2 2
1995 10 0 0 1 0 0 0 1 2
1995 11 0 0 0 0 0 0 0 0
1995 12 0 0 1 1 0 3 2 7
1996 1 0 0 3 2 0 2 8 15
1996 2 0 0 1 0 0 0 0 1
1996 3 1 0 0 0 3 0 1 5
1996 4 0 0 0 1 0 0 2 3
1996 5 0 0 1 0 0 2 1 4
1996 6 0 0 0 0 1 0 0 1
1996 7 1 0 0 0 0 0 0 1
1996 8 0 0 0 0 0 0 0 0
1996 9 0 0 0 0 0 1 0 1
1996 10 0 0 1 0 0 1 1 3
1996 11 0 0 1 0 2 1 1 5
1996 12 0 0 0 4 2 10 17 33
1997 1 1 0 1 0 3 5 22 32
1997 2 0 0 1 0 2 1 2 6
1997 3 0 0 0 0 0 0 4 4
1997 4 1 0 1 0 0 1 0 3
1997 5 0 0 0 0 0 1 0 1
1997 6 0 0 0 0 0 0 0 0
1997 7 0 0 0 0 0 0 0 0
1997 8 0 1 0 0 1 0 0 2
1997 9 0 0 0 0 0 0 0 0
1997 10 0 0 1 0 0 0 0 1
1997 11 1 0 0 1 0 2 0 4
1997 12 0 0 0 0 0 3 3 6
1998 1 0 0 1 2 1 9 14 27
1998 2 0 1 0 5 6 14 28 54
1998 3 0 0 0 2 1 6 5 14
1998 4 0 0 0 0 0 1 0 1
1998 5 0 0 0 0 1 0 1 2
1998 6 0 0 0 0 0 0 0 0
1998 7 0 0 0 0 0 0 0 0
1998 8 0 0 0 0 0 0 0 0
1998 9 0 0 0 0 0 0 0 0
1998 10 0 1 0 0 0 0 1 2
1998 11 0 0 0 0 0 0 0 0
1998 12 0 0 0 0 1 1 0 2
1999 1 0 0 0 0 1 1 3 5
1999 2 0 0 2 0 2 15 21 40
1999 3 1 0 0 4 6 11 27 49
1999 4 0 0 0 0 1 3 2 6
1999 5 0 0 0 1 0 1 0 2
1999 6 1 0 0 0 2 0 0 3
1999 7 0 0 0 0 0 0 0 0
1999 8 0 0 0 0 0 1 0 1
1999 9 0 0 0 0 0 0 0 0
1999 10 0 0 1 1 0 1 0 3
1999 11 0 0 0 0 1 0 1 2
1999 12 0 0 1 2 7 10 11 31
2000 1 0 0 3 7 14 38 62 124
2000 2 0 1 3 1 3 5 7 20
2000 3 0 0 0 0 0 2 1 3
2000 4 0 0 1 0 0 0 0 1
2000 5 0 0 0 0 0 0 0 0
2000 6 0 0 0 0 0 0 1 1
2000 7 0 0 0 0 0 0 0 0
2000 8 0 0 0 0 0 0 0 0
2000 9 0 0 0 0 0 0 0 0
2000 10 0 0 0 0 0 1 0 1
2000 11 0 0 0 0 0 0 0 0
2000 12 1 0 1 0 1 2 2 7
2001 1 0 0 2 0 1 2 2 7
2001 2 0 0 0 0 1 1 1 3
2001 3 3 0 1 0 0 1 1 6
2001 4 1 0 0 0 0 0 0 1
2001 5 0 0 0 0 0 0 0 0
2001 6 0 0 0 0 0 0 0 0
2001 7 0 0 0 0 0 0 0 0
2001 8 0 0 0 0 0 0 0 0
2001 9 0 0 0 0 0 0 0 0
2001 10 0 0 0 0 0 1 1 2
2001 11 0 0 0 0 0 1 0 1
2001 12 0 0 0 0 1 0 1 2
