year month d0 d10 d40 d60 d70 d80 d90 dtot
1979 1 72 19 904 1494 2467 3146 2292 10394
1979 2 78 16 787 1170 2041 2615 1911 8618
1979 3 59 22 789 1305 2153 2781 2050 9159
1979 4 64 21 790 1279 2184 2554 1944 8836
1979 5 64 11 823 1292 2234 2749 2077 9250
1979 6 56 16 781 1199 2115 2503 1756 8426
1979 7 66 14 736 1168 2020 2550 1791 8345
1979 8 56 10 735 1138 1992 2443 1768 8142
1979 9 59 12 732 1098 1926 2502 1790 8119
1979 10 53 27 784 1239 2112 2720 2063 8998
1979 11 52 14 740 1204 2094 2654 1968 8726
1979 12 70 18 841 1283 2264 3019 2272 9767
1980 1 79 26 827 1310 2318 2924 2383 9867
1980 2 65 28 754 1288 2255 3158 2578 10126
1980 3 73 23 780 1259 2264 3032 2411 9842
1980 4 71 17 725 1119 2075 2526 1941 8474
1980 5 58 12 749 1263 2159 2623 1868 8732
1980 6 57 16 706 1138 1918 2418 1757 8010
1980 7 72 23 756 1198 2084 2692 2027 8852
1980 8 60 19 741 1119 2001 2529 1844 8313
1980 9 50 15 744 1130 1928 2378 1849 8094
1980 10 61 24 763 1214 2114 2789 2059 9024
1980 11 61 12 750 1219 2127 2646 2070 8885
1980 12 63 16 792 1269 2398 3163 2533 10234
1981 1 70 22 866 1386 2638 3650 3114 11746
1981 2 58 24 676 1138 2018 2866 2212 8992
1981 3 92 28 778 1296 2176 2828 2136 9334
1981 4 60 14 740 1128 2004 2536 1878 8360
1981 5 42 16 696 1250 2176 2662 1938 8780
1981 6 66 22 678 1086 1970 2476 1800 8098
1981 7 70 18 718 1206 1948 2530 1742 8232
1981 8 62 18 732 1090 2040 2444 1844 8230
1981 9 42 18 736 1190 1986 2342 1958 8272
1981 10 60 12 728 1156 2164 2698 2242 9060
1981 11 60 14 626 1150 2134 2670 2130 8784
1981 12 84 14 764 1320 2198 3068 2424 9872
1982 1 54 14 816 1220 2276 3260 2542 10182
1982 2 58 16 636 1156 1884 2562 2024 8336
1982 3 80 10 746 1254 2270 2858 2194 9412
1982 4 54 14 668 1218 2232 2742 2162 9090
1982 5 40 10 754 1160 2120 2638 2168 8890
1982 6 34 20 664 1090 2050 2680 1850 8388
1982 7 46 16 724 1176 1980 2612 1940 8494
1982 8 38 18 676 1124 1980 2450 1918 8204
1982 9 54 18 616 1128 1986 2492 1984 8278
1982 10 56 12 688 1184 2174 2632 2232 8978
1982 11 40 24 634 1204 2120 2630 1996 8648
1982 12 66 18 718 1252 2224 2818 2224 9320
1983 1 63 13 749 1201 2232 3027 2454 9739
1983 2 53 22 650 1151 2153 2852 2450 9331
1983 3 53 14 750 1246 2185 3103 2597 9948
1983 4 52 9 710 1183 2135 2812 2306 9207
1983 5 57 19 659 1217 2164 2837 2091 9044
1983 6 49 22 686 1140 2155 2618 2026 8696
1983 7 49 13 733 1177 2196 2724 2084 8976
1983 8 74 16 699 1123 1980 2614 1970 8476
1983 9 54 13 657 1149 1919 2489 1967 8248
1983 10 47 15 703 1214 2114 2821 2136 9050
1983 11 55 20 678 1152 2091 2835 2152 8983
1983 12 69 20 772 1305 2441 3102 2525 10234
1984 1 63 23 703 1275 2274 3009 2626 9973
1984 2 57 14 656 1186 1997 2777 2233 8920
1984 3 53 17 674 1235 2166 3034 2580 9759
1984 4 56 13 619 1127 2178 2803 2260 9056
1984 5 60 13 667 1129 2158 2702 2126 8855
1984 6 43 14 679 1118 2091 2528 1931 8404
1984 7 35 17 641 1126 1966 2487 2033 8305
1984 8 47 16 690 1111 1939 2523 2007 8333
1984 9 47 16 603 1044 1985 2511 1971 8177
1984 10 48 18 655 1154 2121 2697 2155 8848
1984 11 49 11 680 1202 2180 2833 2238 9193
1984 12 54 18 695 1299 2376 3119 2614 10175
1985 1 58 24 797 1316 2542 3518 3181 11436
1985 2 50 15 651 1148 2221 3048 2543 9676
1985 3 52 13 691 1164 2168 2929 2316 9333
1985 4 50 10 696 1096 2104 2777 2142 8875
1985 5 54 16 700 1138 2076 2680 2122 8786
1985 6 56 26 612 1027 1995 2565 1934 8215
1985 7 50 19 630 1105 2068 2538 1997 8407
1985 8 41 12 686 1125 1974 2583 2013 8434
1985 9 41 9 626 1059 2053 2700 2109 8597
1985 10 45 17 678 1095 2141 2702 2397 9075
1985 11 52 9 675 1078 2097 2838 2262 9011
1985 12 71 15 730 1281 2273 3255 2644 10269
1986 1 76 23 741 1279 2413 3309 2779 10620
1986 2 40 10 657 1151 2204 2998 2611 9671
1986 3 61 10 765 1233 2251 3038 2714 10072
1986 4 49 17 727 1102 2115 2848 2280 9138
1986 5 49 15 683 1134 2111 2778 2199 8969
1986 6 45 19 694 1099 2018 2644 2037 8556
1986 7 43 13 690 1143 2177 2682 2203 8951
1986 8 34 14 657 1059 2010 2704 2114 8592
1986 9 53 11 708 1054 1956 2583 2101 8466
1986 10 51 12 734 1074 2122 2743 2280 9016
1986 11 55 17 670 1084 2218 2927 2385 9356
1986 12 54 21 705 1253 2248 3067 2587 9935
1987 1 68 20 763 1160 2383 3123 2681 10198
1987 2 63 14 583 1068 2123 2734 2317 8902
1987 3 48 22 724 1099 2194 3088 2619 9794
1987 4 57 21 619 1123 2182 2724 2283 9009
1987 5 47 19 667 1142 2072 2820 2264 9031
1987 6 48 15 670 1018 1967 2512 2146 8376
1987 7 46 17 665 1125 2074 2686 2150 8763
1987 8 49 18 629 1049 2007 2632 2112 8496
1987 9 40 23 664 1115 2040 2814 2208 8904
1987 10 58 19 701 1119 2139 3003 2503 9542
1987 11 51 7 682 1036 2128 2872 2361 9137
1987 12 49 16 754 1147 2284 3153 2740 10143
1988 1 69 20 747 1159 2297 3335 2956 10583
1988 2 63 16 701 1069 2164 3242 2924 10179
1988 3 54 7 752 1079 2364 3178 2912 10346
1988 4 50 9 704 1064 2141 2798 2443 9209
1988 5 40 23 726 1104 2197 2972 2461 9523
1988 6 54 12 645 1024 2025 2632 2179 8571
1988 7 52 9 704 1004 2029 2703 2205 8706
1988 8 43 14 734 1028 2085 2793 2205 8902
1988 9 47 15 637 1006 1957 2737 2215 8614
1988 10 44 11 687 1067 2130 2855 2469 9263
1988 11 44 14 690 1030 2014 2915 2451 9158
1988 12 46 13 776 1051 2092 3139 2554 9671
1989 1 43 18 669 1045 2147 3064 2695 9681
1989 2 51 20 614 990 1942 2899 2612 9128
1989 3 43 14 700 993 2088 3055 2756 9649
1989 4 44 8 614 910 1932 2654 2309 8471
1989 5 51 18 627 1014 2011 2826 2308 8855
1989 6 30 15 619 887 1852 2560 2120 8083
1989 7 38 16 661 868 1779 2558 2158 8078
1989 8 33 15 608 888 1862 2534 2109 8049
1989 9 47 17 573 848 1828 2506 2078 7897
1989 10 45 22 627 904 1970 2810 2430 8808
1989 11 42 8 618 932 1906 2708 2376 8590
1989 12 48 16 706 1065 2319 3383 2994 10531
1990 1 55 9 669 1077 2352 3621 3323 11106
1990 2 51 11 572 906 1874 2920 2600 8934
1990 3 42 6 619 917 2069 2895 2523 9071
1990 4 34 15 687 888 1896 2737 2328 8585
1990 5 44 16 650 890 1983 2635 2357 8575
1990 6 49 7 618 820 1846 2526 2184 8050
1990 7 37 9 583 854 1773 2459 2103 7818
1990 8 46 17 626 828 1819 2463 2076 7875
1990 9 30 6 609 799 1753 2488 2262 7947
1990 10 31 5 641 884 2004 2809 2493 8867
1990 11 41 10 598 896 1824 2769 2353 8491
1990 12 45 6 651 941 2095 2922 2518 9178
1991 1 50 20 663 1027 2052 2937 2725 9474
1991 2 39 15 630 854 1882 2821 2604 8845
1991 3 47 8 693 942 2118 2901 2805 9514
1991 4 60 5 651 865 1929 2705 2502 8717
1991 5 44 7 656 884 1943 2758 2300 8592
1991 6 30 14 656 812 1772 2499 2182 7965
1991 7 38 15 655 850 1782 2460 2248 8048
1991 8 36 13 624 812 1651 2579 2244 7959
1991 9 33 10 605 744 1775 2469 2153 7789
1991 10 31 15 643 854 1896 2820 2508 8767
1991 11 45 18 696 881 1976 2732 2430 8778
1991 12 40 21 689 994 2337 3398 3085 10564
1992 1 51 14 747 972 2133 3321 3141 10379
1992 2 62 11 648 760 1935 2683 2451 8550
1992 3 41 9 613 834 1919 2819 2539 8774
1992 4 36 9 658 819 1888 2724 2422 8556
1992 5 34 15 679 833 1872 2659 2326 8418
1992 6 30 14 608 776 1768 2519 2190 7905
1992 7 39 9 601 801 1780 2473 2200 7903
1992 8 44 12 617 696 1820 2532 2221 7942
1992 9 31 10 591 769 1788 2554 2278 8021
1992 10 32 16 663 809 1936 2784 2401 8641
1992 11 29 11 618 794 1951 2684 2447 8534
1992 12 38 9 653 877 1971 2934 2729 9211
1993 1 27 17 672 901 2016 3021 2852 9506
1993 2 50 9 708 806 1890 2749 2726 8938
1993 3 51 10 721 942 2138 3347 3186 10395
1993 4 42 13 699 821 2024 3020 2791 9410
1993 5 34 15 655 819 1931 2863 2462 8779
1993 6 31 12 640 795 1770 2581 2385 8214
1993 7 27 11 714 787 1787 2641 2288 8255
1993 8 42 7 648 795 1807 2612 2389 8300
1993 9 34 12 618 778 1799 2675 2356 8272
1993 10 40 11 692 813 2024 2931 2785 9296
1993 11 24 6 671 821 1914 2915 2593 8944
1993 12 47 10 700 876 2039 3333 3073 10078
1994 1 47 15 857 999 2362 3801 3705 11786
1994 2 29 10 616 822 1894 2861 2709 8941
1994 3 45 14 707 820 1890 2870 2757 9103
1994 4 36 10 702 835 1879 2950 2694 9106
1994 5 33 17 679 796 1875 2828 2451 8679
1994 6 27 9 638 793 1803 2614 2322 8206
1994 7 33 10 630 745 1726 2599 2307 8050
1994 8 24 17 638 764 1727 2698 2351 8219
1994 9 35 12 616 747 1780 2635 2462 8287
1994 10 33 16 715 787 1791 2756 2647 8745
1994 11 30 15 622 804 1774 2756 2587 8588
1994 12 34 9 693 888 1958 3085 2847 9514
1995 1 31 12 745 887 2083 3231 3142 10131
1995 2 37 18 636 805 1965 3027 3027 9515
1995 3 34 11 763 797 2118 3210 3081 10014
1995 4 39 11 708 761 1844 2797 2657 8817
1995 5 31 15 660 764 1919 2688 2495 8572
1995 6 33 7 684 722 1680 2576 2364 8066
1995 7 28 12 746 866 1924 3035 2679 9290
1995 8 38 10 691 718 1619 2618 2387 8081
1995 9 35 12 635 719 1674 2569 2488 8132
1995 10 35 10 636 771 1732 2825 2678 8687
1995 11 37 9 668 794 1896 2827 2824 9055
1995 12 36 15 764 838 2041 3240 3070 10004
1996 1 35 15 717 850 2004 3249 3164 10034
1996 2 37 15 663 730 1733 2817 2810 8805
1996 3 31 11 710 825 1810 3043 2954 9384
1996 4 24 8 627 781 1776 2831 2766 8813
1996 5 39 6 679 755 1814 2766 2511 8570
1996 6 28 9 640 792 1688 2611 2385 8153
1996 7 43 10 662 720 1666 2574 2419 8094
1996 8 32 7 578 722 1587 2434 2284 7644
1996 9 26 7 642 697 1667 2507 2407 7953
1996 10 38 8 632 743 1698 2856 2714 8689
1996 11 38 9 663 787 1779 2940 2782 8998
1996 12 30 17 760 870 2092 3606 3639 11014
1997 1 39 16 716 822 1995 3372 3439 10399
1997 2 34 13 646 729 1619 2688 2600 8329
1997 3 30 11 647 781 1899 2985 2895 9248
1997 4 46 10 661 761 1772 2831 2808 8889
1997 5 32 11 594 764 1774 2762 2671 8608
1997 6 30 6 645 720 1632 2613 2343 7989
1997 7 30 11 600 700 1563 2615 2439 7958
1997 8 33 12 635 690 1558 2478 2294 7700
1997 9 28 9 635 673 1536 2531 2460 7872
1997 10 27 10 655 760 1688 2690 2698 8528
1997 11 32 9 607 693 1761 2911 2730 8743
1997 12 36 10 691 808 1764 3033 3099 9441
1998 1 48 13 684 869 1900 3441 3557 10512
1998 2 42 17 661 820 1791 3124 3297 9752
1998 3 47 8 731 780 1767 3077 3021 9431
1998 4 23 7 621 716 1688 2644 2518 8217
1998 5 24 9 612 780 1702 2756 2492 8375
1998 6 34 9 640 756 1536 2559 2332 7866
1998 7 22 4 671 731 1528 2544 2489 7989
1998 8 33 7 641 734 1556 2638 2504 8113
1998 9 26 9 646 665 1535 2528 2482 7891
1998 10 34 17 642 768 1621 2826 2690 8598
1998 11 50 13 643 742 1652 2877 2775 8752
1998 12 38 11 746 823 1704 3043 3117 9482
1999 1 33 11 746 1019 1984 3502 3778 11073
1999 2 39 14 711 830 1816 3250 3449 10109
1999 3 40 9 827 950 1991 3629 3914 11360
1999 4 33 15 714 769 1659 2929 2893 9012
1999 5 32 7 704 774 1636 2768 2665 8586
1999 6 28 12 665 754 1524 2609 2540 8132
1999 7 29 5 714 751 1574 2605 2661 8339
1999 8 36 7 665 689 1445 2635 2538 8015
1999 9 32 11 614 683 1490 2568 2592 7990
1999 10 27 11 658 743 1672 2840 2886 8837
1999 11 36 8 678 730 1613 2760 2834 8659
1999 12 32 11 808 855 1942 3345 3531 10524
2000 1 31 12 825 903 2043 3888 4105 11807
2000 2 45 7 647 781 1595 2989 3131 9195
2000 3 37 11 690 775 1596 2864 2893 8866
2000 4 24 13 720 727 1592 2704 2836 8616
2000 5 21 13 706 757 1611 2783 2758 8649
2000 6 27 6 683 721 1483 2448 2530 7898
2000 7 35 13 681 715 1537 2606 2657 8244
2000 8 15 15 671 714 1514 2593 2668 8190
2000 9 33 9 618 722 1490 2640 2685 8197
2000 10 39 8 746 753 1612 2952 3013 9123
2000 11 39 4 715 777 1535 2878 2995 8943
2000 12 32 9 795 925 1833 3284 3637 10515
2001 1 34 9 751 832 1697 3204 3377 9904
2001 2 35 16 681 768 1486 2772 2934 8692
2001 3 39 16 763 857 1671 3067 3394 9807
2001 4 26 11 693 741 1603 2822 2956 8852
2001 5 36 10 740 764 1554 2826 2865 8795
2001 6 21 10 682 752 1456 2810 2759 8490
2001 7 25 10 758 744 1393 2632 2765 8327
2001 8 18 7 772 746 1420 2572 2665 8200
2001 9 33 7 672 764 1427 2558 2768 8229
2001 10 34 10 738 777 1536 2977 3116 9188
2001 11 27 11 702 766 1625 2769 2829 8729
2001 12 35 11 722 769 1578 2960 3114 9189
