year month d0 d10 d40 d60 d70 d80 d90 dtot
1979 1 34 9 635 1154 1980 2671 2015 8498
1979 2 31 7 522 883 1588 2188 1690 6909
1979 3 25 7 535 988 1663 2298 1765 7281
1979 4 29 2 531 1000 1723 2094 1725 7104
1979 5 23 4 584 1008 1753 2278 1826 7476
1979 6 10 3 508 907 1631 2053 1501 6613
1979 7 28 6 482 884 1587 2144 1541 6672
1979 8 17 1 478 846 1564 1997 1509 6412
1979 9 19 3 492 804 1497 2064 1570 6449
1979 10 17 6 514 913 1638 2235 1800 7123
1979 11 24 5 467 903 1627 2161 1722 6909
1979 12 26 7 564 961 1761 2512 2019 7850
1980 1 34 13 575 994 1826 2404 2112 7958
1980 2 21 4 508 966 1754 2635 2312 8200
1980 3 20 7 511 913 1768 2514 2118 7851
1980 4 35 4 487 847 1637 2077 1693 6780
1980 5 15 1 510 958 1685 2126 1600 6895
1980 6 21 6 460 847 1474 1992 1504 6304
1980 7 27 11 507 853 1598 2207 1744 6947
1980 8 17 9 481 820 1541 2077 1590 6535
1980 9 14 5 492 817 1474 1954 1603 6359
1980 10 23 15 501 896 1625 2284 1758 7102
1980 11 21 5 493 919 1650 2167 1811 7066
1980 12 25 4 551 974 1844 2645 2208 8251
1981 1 25 5 583 1058 2087 2981 2800 9539
1981 2 22 5 468 820 1620 2339 1906 7180
1981 3 36 10 519 924 1705 2285 1882 7361
1981 4 20 4 445 811 1531 2094 1613 6518
1981 5 21 4 488 895 1656 2140 1635 6839
1981 6 20 9 439 793 1551 1961 1577 6350
1981 7 25 9 480 876 1560 1986 1526 6462
1981 8 16 5 482 819 1496 1987 1559 6364
1981 9 16 2 468 836 1536 1940 1629 6427
1981 10 23 2 490 840 1627 2198 1938 7118
1981 11 17 3 469 886 1670 2147 1826 7018
1981 12 23 3 527 998 1731 2459 2053 7794
1982 1 28 6 517 980 1785 2666 2122 8104
1982 2 19 3 434 839 1464 2111 1767 6637
1982 3 25 2 499 943 1712 2347 1928 7456
1982 4 23 1 437 872 1717 2260 1902 7212
1982 5 13 2 492 871 1619 2248 1797 7042
1982 6 11 4 417 822 1516 2130 1598 6498
1982 7 12 4 460 875 1518 2105 1641 6615
1982 8 11 3 414 836 1543 1955 1622 6384
1982 9 13 11 384 831 1525 1964 1687 6415
1982 10 12 3 469 869 1609 2164 1851 6977
1982 11 15 5 425 840 1603 2164 1732 6784
1982 12 26 3 457 902 1634 2355 1858 7235
1983 1 21 5 508 901 1688 2460 2100 7683
1983 2 19 5 409 858 1658 2344 2100 7393
1983 3 20 5 480 918 1664 2513 2230 7830
1983 4 12 5 455 859 1638 2249 1972 7190
1983 5 17 8 428 880 1644 2267 1804 7048
1983 6 14 3 446 819 1614 2084 1715 6695
1983 7 23 3 461 883 1671 2236 1783 7060
1983 8 29 6 456 799 1467 2087 1637 6481
1983 9 22 1 395 800 1436 1988 1637 6279
1983 10 20 5 451 860 1590 2228 1819 6973
1983 11 22 10 425 796 1589 2280 1827 6949
1983 12 30 6 503 963 1863 2515 2100 7980
1984 1 23 10 466 943 1693 2395 2263 7793
1984 2 20 5 438 850 1499 2250 1920 6982
1984 3 15 6 407 864 1635 2434 2212 7573
1984 4 17 7 385 796 1608 2242 1928 6983
1984 5 19 4 438 808 1638 2156 1805 6868
1984 6 11 5 434 799 1569 2004 1635 6457
1984 7 13 4 402 810 1452 1993 1727 6401
1984 8 15 5 437 762 1387 1968 1680 6254
1984 9 14 6 377 749 1471 1991 1668 6276
1984 10 19 6 425 810 1568 2140 1811 6779
1984 11 18 2 455 872 1620 2252 1874 7093
1984 12 22 3 449 909 1741 2486 2207 7817
1985 1 18 11 525 985 1956 2796 2747 9038
1985 2 16 7 421 795 1687 2448 2186 7560
1985 3 21 6 418 837 1597 2285 1950 7114
1985 4 16 2 455 775 1584 2177 1779 6788
1985 5 22 7 434 822 1534 2129 1772 6720
1985 6 16 11 386 704 1461 2038 1639 6255
1985 7 18 6 383 772 1508 1963 1640 6290
1985 8 12 3 441 759 1437 2012 1696 6360
1985 9 17 2 392 737 1482 2140 1788 6558
1985 10 15 7 420 757 1544 2087 2003 6833
1985 11 20 3 429 759 1519 2229 1897 6856
1985 12 31 5 482 911 1728 2550 2231 7938
1986 1 30 10 468 906 1777 2615 2376 8182
1986 2 13 3 401 807 1613 2375 2214 7426
1986 3 16 4 492 860 1693 2417 2304 7786
1986 4 23 7 459 781 1544 2236 1923 6973
1986 5 16 4 426 803 1575 2187 1815 6826
1986 6 17 5 438 782 1475 2066 1720 6503
1986 7 15 5 419 791 1590 2083 1826 6729
1986 8 14 4 390 720 1488 2075 1722 6413
1986 9 22 4 431 735 1469 1987 1724 6372
1986 10 17 5 458 757 1522 2103 1916 6778
1986 11 24 6 417 769 1591 2286 1967 7060
1986 12 21 6 430 883 1664 2392 2179 7575
1987 1 25 6 463 808 1762 2447 2228 7739
1987 2 27 3 370 731 1570 2126 1903 6730
1987 3 15 6 446 771 1595 2425 2205 7463
1987 4 22 8 363 774 1606 2123 1889 6785
1987 5 18 6 423 782 1508 2185 1890 6812
1987 6 16 4 405 697 1421 1910 1754 6207
1987 7 14 5 394 787 1493 2047 1774 6514
1987 8 18 6 370 724 1407 1994 1740 6259
1987 9 16 10 391 747 1463 2181 1861 6669
1987 10 19 8 405 774 1505 2314 2052 7077
1987 11 14 2 416 692 1530 2192 1929 6775
1987 12 19 5 455 802 1664 2443 2295 7683
1988 1 30 8 449 809 1673 2609 2453 8031
1988 2 29 3 420 738 1550 2467 2429 7636
1988 3 20 1 448 756 1713 2433 2443 7814
1988 4 24 3 439 691 1573 2168 2014 6912
1988 5 16 6 432 783 1580 2286 1991 7094
1988 6 13 7 392 704 1489 1984 1802 6391
1988 7 18 3 388 684 1456 2090 1810 6449
1988 8 14 7 409 710 1516 2132 1806 6594
1988 9 12 3 375 645 1367 2065 1799 6266
1988 10 16 5 390 730 1556 2187 2011 6895
1988 11 14 3 407 688 1503 2230 2012 6857
1988 12 14 6 457 725 1505 2411 2087 7205
1989 1 17 9 415 721 1613 2397 2266 7438
1989 2 20 6 382 723 1452 2288 2207 7078
1989 3 17 3 433 694 1540 2360 2331 7378
1989 4 14 1 405 653 1453 2040 1880 6446
1989 5 15 6 377 711 1504 2194 1909 6716
1989 6 7 5 397 637 1359 2004 1754 6163
1989 7 16 4 407 593 1323 2012 1789 6144
1989 8 7 4 389 618 1354 1962 1740 6074
1989 9 16 4 350 597 1328 1910 1748 5953
1989 10 14 12 384 636 1429 2177 1997 6649
1989 11 13 4 400 651 1373 2076 1965 6482
1989 12 22 5 449 738 1726 2691 2493 8124
1990 1 28 3 437 779 1737 2783 2753 8520
1990 2 18 5 342 633 1377 2305 2163 6843
1990 3 20 1 382 633 1528 2228 2071 6863
1990 4 13 7 434 639 1359 2197 1892 6541
1990 5 21 8 396 630 1455 2010 1922 6442
1990 6 16 3 411 567 1334 1966 1773 6070
1990 7 16 5 354 621 1282 1898 1707 5883
1990 8 13 5 380 583 1350 1850 1702 5883
1990 9 12 2 393 544 1259 1896 1864 5970
1990 10 9 4 372 596 1452 2135 2055 6623
1990 11 25 4 383 647 1323 2162 1942 6486
1990 12 18 2 407 693 1517 2264 2094 6995
1991 1 23 9 433 745 1543 2280 2246 7279
1991 2 21 4 394 624 1356 2193 2154 6746
1991 3 18 4 455 682 1557 2251 2341 7308
1991 4 26 0 438 621 1424 2087 2065 6661
1991 5 22 2 430 634 1423 2119 1883 6513
1991 6 12 5 402 554 1298 1916 1798 5985
1991 7 13 3 433 598 1290 1889 1826 6052
1991 8 17 5 384 579 1184 2022 1797 5988
1991 9 12 6 391 521 1278 1854 1786 5848
1991 10 12 4 410 597 1372 2195 2069 6659
1991 11 22 5 438 603 1464 2097 1996 6625
1991 12 23 10 434 715 1729 2656 2599 8166
1992 1 28 6 463 683 1573 2559 2612 7924
1992 2 31 9 423 538 1417 2073 2032 6523
1992 3 13 5 372 582 1422 2166 2098 6658
1992 4 14 3 424 569 1395 2083 2010 6498
1992 5 14 6 454 596 1352 2078 1888 6388
1992 6 11 2 392 540 1260 1935 1791 5931
1992 7 14 4 377 548 1251 1915 1805 5914
1992 8 19 4 385 479 1262 1921 1789 5859
1992 9 12 2 372 556 1254 1926 1828 5950
1992 10 16 6 413 576 1408 2120 1963 6502
1992 11 9 4 424 573 1398 2054 1996 6458
1992 12 22 4 408 636 1476 2229 2204 6979
1993 1 12 6 447 646 1465 2278 2348 7202
1993 2 30 4 473 580 1412 2083 2233 6815
1993 3 22 4 456 715 1571 2640 2632 8040
1993 4 13 4 450 598 1461 2300 2304 7130
1993 5 16 9 433 588 1430 2206 2014 6696
1993 6 11 5 425 553 1281 1952 1955 6182
1993 7 10 4 456 572 1300 1981 1865 6188
1993 8 20 3 394 558 1284 1983 1959 6201
1993 9 18 6 401 564 1298 2047 1950 6284
1993 10 21 4 446 596 1456 2232 2274 7029
1993 11 8 2 438 589 1345 2216 2123 6721
1993 12 20 4 448 629 1499 2546 2507 7653
1994 1 16 6 572 753 1772 2954 3061 9134
1994 2 12 3 416 612 1413 2212 2228 6896
1994 3 25 8 456 583 1376 2159 2289 6896
1994 4 18 3 462 609 1377 2278 2234 6981
1994 5 17 6 457 569 1361 2152 1980 6542
1994 6 7 4 419 561 1333 2020 1911 6255
1994 7 15 5 408 521 1244 2008 1901 6102
1994 8 10 3 408 507 1227 2014 1915 6084
1994 9 14 1 374 535 1291 2015 2018 6248
1994 10 15 8 450 579 1274 2132 2160 6618
1994 11 11 5 417 540 1287 2106 2097 6463
1994 12 13 6 455 667 1463 2370 2312 7286
1995 1 14 6 471 648 1515 2482 2597 7733
1995 2 16 8 418 582 1439 2325 2514 7302
1995 3 15 4 489 560 1568 2466 2547 7649
1995 4 20 4 485 524 1327 2174 2160 6694
1995 5 20 5 428 545 1396 2050 2001 6445
1995 6 12 3 434 521 1209 1944 1944 6067
1995 7 11 5 485 632 1429 2344 2228 7134
1995 8 17 1 423 504 1153 1976 1896 5970
1995 9 14 5 398 530 1190 1918 2016 6071
1995 10 16 4 413 534 1214 2155 2169 6505
1995 11 18 3 432 542 1364 2150 2318 6827
1995 12 17 7 501 602 1550 2490 2521 7688
1996 1 19 6 448 602 1446 2485 2574 7580
1996 2 21 8 463 496 1229 2157 2262 6636
1996 3 20 5 494 591 1348 2339 2376 7173
1996 4 10 4 391 555 1310 2155 2260 6685
1996 5 19 3 445 548 1313 2130 2035 6493
1996 6 9 4 430 549 1213 1955 1970 6130
1996 7 16 3 450 529 1212 1938 1912 6060
1996 8 14 4 375 504 1124 1829 1850 5700
1996 9 13 3 430 520 1203 1909 1949 6027
1996 10 18 3 415 534 1218 2152 2166 6506
1996 11 18 6 459 547 1296 2231 2248 6805
1996 12 11 7 520 621 1522 2801 2977 8459
1997 1 19 7 456 612 1449 2544 2793 7880
1997 2 16 4 434 529 1151 2026 2099 6259
1997 3 14 3 438 568 1367 2267 2328 6985
1997 4 18 4 442 541 1321 2164 2324 6814
1997 5 12 5 399 561 1264 2057 2130 6428
1997 6 15 1 439 516 1175 1975 1910 6031
1997 7 13 5 400 502 1122 1954 1983 5979
1997 8 12 6 422 491 1113 1836 1839 5719
1997 9 14 5 433 484 1094 1870 2010 5910
1997 10 12 5 459 540 1205 2029 2169 6419
1997 11 14 4 427 497 1262 2161 2185 6550
1997 12 13 2 459 595 1298 2286 2502 7155
1998 1 21 8 466 622 1393 2645 2929 8084
1998 2 25 11 453 591 1310 2405 2674 7469
1998 3 22 3 507 540 1284 2304 2475 7135
1998 4 9 3 409 509 1218 1991 2012 6151
1998 5 11 4 411 555 1234 2060 1972 6247
1998 6 18 4 459 516 1083 1896 1872 5848
1998 7 11 0 462 511 1094 1883 2008 5969
1998 8 13 3 434 502 1120 1976 1987 6035
1998 9 12 4 416 473 1104 1892 1983 5884
1998 10 16 11 445 524 1154 2114 2164 6428
1998 11 25 4 411 510 1179 2159 2209 6497
1998 12 15 5 478 604 1238 2314 2498 7152
1999 1 13 5 487 727 1408 2606 2999 8245
1999 2 20 8 453 565 1303 2452 2748 7549
1999 3 22 3 560 670 1412 2699 3053 8419
1999 4 8 5 452 524 1165 2131 2278 6563
1999 5 9 3 430 508 1121 1989 2050 6110
1999 6 8 6 417 526 1050 1921 2002 5930
1999 7 12 1 449 512 1085 1866 2082 6007
1999 8 10 3 430 450 998 1873 1959 5723
1999 9 10 5 401 456 1017 1874 1981 5744
1999 10 17 6 419 476 1120 2031 2227 6296
1999 11 12 5 428 511 1075 1966 2141 6138
1999 12 8 3 528 593 1353 2463 2756 7704
2000 1 11 4 530 637 1465 2855 3213 8715
2000 2 12 2 421 520 1076 2128 2418 6577
2000 3 11 10 438 526 1059 2070 2240 6354
2000 4 8 6 467 486 1078 1938 2227 6210
2000 5 6 5 445 517 1084 1992 2142 6191
2000 6 10 4 442 441 990 1770 1971 5628
2000 7 8 7 432 472 1025 1819 2049 5812
2000 8 7 7 438 457 1021 1866 2096 5892
2000 9 15 4 391 482 994 1868 2091 5845
2000 10 15 6 459 511 1088 2102 2335 6516
2000 11 16 1 467 509 1017 2063 2341 6414
2000 12 9 3 531 629 1269 2359 2820 7620
2001 1 12 4 458 563 1166 2289 2581 7073
2001 2 17 9 449 521 1009 1973 2290 6268
2001 3 22 6 453 594 1159 2211 2634 7079
2001 4 12 4 427 508 1043 2025 2310 6329
2001 5 11 7 457 542 1071 2006 2238 6332
2001 6 8 6 430 494 962 2011 2101 6012
2001 7 6 4 471 491 903 1856 2126 5857
2001 8 10 2 469 482 932 1819 2049 5763
2001 9 15 2 400 506 921 1779 2140 5763
2001 10 13 5 471 479 1002 2095 2362 6427
2001 11 13 5 459 515 1070 1930 2175 6167
2001 12 14 4 455 515 1053 2091 2415 6547
