year month d0 d10 d40 d60 d70 d80 d90 dtot
1979 1 17 3 31 25 73 123 116 388
1979 2 14 2 16 20 50 77 78 257
1979 3 11 2 17 31 63 68 98 290
1979 4 14 0 22 26 50 87 90 289
1979 5 9 1 18 14 47 76 97 262
1979 6 3 1 18 15 44 64 71 216
1979 7 11 0 17 20 43 80 62 233
1979 8 3 0 17 21 40 68 68 217
1979 9 3 1 25 20 41 85 55 230
1979 10 5 1 16 20 55 86 99 282
1979 11 7 1 20 20 41 80 80 249
1979 12 10 4 25 29 49 111 112 340
1980 1 14 6 29 21 58 102 147 377
1980 2 8 1 27 26 68 173 210 513
1980 3 8 3 30 26 71 142 184 464
1980 4 11 1 18 35 41 87 90 283
1980 5 6 0 21 25 44 74 84 254
1980 6 12 0 16 26 34 69 86 243
1980 7 12 1 12 15 49 65 88 242
1980 8 8 1 21 23 39 76 64 232
1980 9 3 2 13 18 35 74 69 214
1980 10 9 3 21 25 39 86 93 276
1980 11 6 0 19 21 47 81 84 258
1980 12 10 2 35 17 75 124 143 406
1981 1 9 1 45 63 119 224 328 789
1981 2 7 1 21 42 65 133 162 431
1981 3 13 2 24 25 42 115 132 353
1981 4 8 0 26 17 41 84 99 275
1981 5 10 1 18 29 35 80 84 257
1981 6 3 3 14 27 34 63 85 229
1981 7 6 1 11 18 29 72 68 205
1981 8 10 0 18 10 47 70 76 231
1981 9 5 1 18 20 44 61 88 237
1981 10 11 0 18 26 43 96 110 304
1981 11 5 1 24 23 51 105 98 307
1981 12 11 0 21 40 59 123 116 370
1982 1 14 1 16 29 43 132 131 366
1982 2 3 0 21 29 42 97 118 310
1982 3 12 1 18 30 46 100 116 323
1982 4 10 0 19 16 48 87 124 304
1982 5 2 1 27 12 37 97 105 281
1982 6 7 1 21 21 40 69 92 251
1982 7 8 0 15 34 37 85 77 256
1982 8 5 0 19 22 41 66 74 227
1982 9 3 1 12 23 35 67 81 222
1982 10 7 0 23 16 47 70 115 278
1982 11 5 1 24 18 40 101 102 291
1982 12 12 0 16 19 45 100 119 311
1983 1 8 0 27 28 61 132 154 410
1983 2 6 2 18 26 62 138 181 433
1983 3 9 1 21 29 60 152 199 471
1983 4 7 0 11 20 48 98 125 309
1983 5 6 1 17 18 47 90 126 305
1983 6 7 1 21 15 44 71 100 259
1983 7 9 0 10 22 41 86 74 242
1983 8 6 0 13 22 43 76 102 262
1983 9 10 0 16 16 45 79 86 252
1983 10 9 1 15 27 39 95 134 320
1983 11 8 1 11 28 56 108 121 333
1983 12 12 1 23 24 57 131 167 415
1984 1 8 3 27 12 58 122 171 401
1984 2 8 1 19 30 42 133 162 395
1984 3 6 3 22 24 56 146 178 435
1984 4 4 0 17 16 48 125 144 354
1984 5 7 0 22 26 61 91 113 320
1984 6 1 1 18 25 43 76 94 258
1984 7 5 1 10 20 41 80 91 248
1984 8 7 3 19 17 46 86 91 269
1984 9 5 2 17 10 32 95 109 270
1984 10 7 2 22 28 49 101 133 342
1984 11 6 0 14 25 67 123 116 351
1984 12 8 0 29 34 55 139 176 441
1985 1 7 2 40 44 110 185 311 699
1985 2 4 2 19 24 70 191 254 564
1985 3 10 3 15 25 47 117 157 374
1985 4 4 0 22 19 54 108 127 334
1985 5 6 1 22 22 41 93 122 307
1985 6 4 0 25 18 50 98 88 283
1985 7 4 1 19 12 45 86 122 289
1985 8 5 0 22 19 37 94 96 273
1985 9 10 1 21 29 49 89 107 306
1985 10 1 0 12 25 48 112 146 344
1985 11 9 0 21 21 56 131 151 389
1985 12 14 2 21 35 51 149 187 459
1986 1 11 4 32 35 80 184 248 594
1986 2 3 2 25 31 95 203 253 612
1986 3 3 3 26 37 79 178 239 565
1986 4 10 2 17 34 55 125 162 405
1986 5 4 0 16 24 46 126 137 353
1986 6 9 1 24 25 62 110 134 365
1986 7 5 1 17 28 46 101 134 332
1986 8 2 1 23 16 49 102 114 307
1986 9 9 0 23 21 60 104 130 347
1986 10 6 1 19 20 52 128 163 389
1986 11 6 1 17 23 53 126 142 368
1986 12 6 1 29 41 67 136 191 471
1987 1 11 0 31 34 75 165 209 525
1987 2 5 1 23 23 72 131 158 413
1987 3 5 2 29 21 67 146 216 486
1987 4 7 4 20 27 72 127 167 424
1987 5 5 1 24 23 47 116 131 347
1987 6 5 0 18 30 61 94 132 340
1987 7 5 0 18 22 53 93 119 310
1987 8 3 0 14 28 68 114 140 367
1987 9 4 2 20 28 44 133 140 371
1987 10 4 1 21 26 75 156 175 458
1987 11 6 1 27 16 71 133 150 404
1987 12 4 1 35 24 61 157 196 478
1988 1 11 2 24 18 71 177 252 555
1988 2 7 2 32 20 68 192 282 603
1988 3 8 1 32 33 65 174 280 593
1988 4 9 0 29 26 76 136 169 445
1988 5 3 0 24 28 59 149 203 466
1988 6 4 2 28 29 55 110 136 364
1988 7 9 1 13 18 41 106 120 308
1988 8 2 1 18 19 62 110 107 319
1988 9 2 0 19 22 45 120 150 358
1988 10 5 2 30 23 67 142 184 453
1988 11 3 1 45 30 60 136 174 449
1988 12 7 1 27 33 73 145 195 481
1989 1 5 0 28 35 75 158 254 555
1989 2 6 4 39 41 84 185 268 627
1989 3 4 1 27 27 76 191 242 568
1989 4 6 1 14 28 54 132 176 411
1989 5 5 1 40 34 75 118 199 472
1989 6 5 2 24 17 56 109 158 371
1989 7 6 0 19 11 38 112 133 319
1989 8 3 1 24 22 45 101 130 326
1989 9 3 1 19 15 63 122 137 360
1989 10 5 3 27 17 52 148 156 408
1989 11 4 0 24 20 45 127 164 384
1989 12 9 1 30 28 86 190 267 611
1990 1 8 1 44 43 117 277 398 888
1990 2 9 2 18 26 54 178 250 537
1990 3 7 0 23 25 63 149 225 492
1990 4 3 1 25 28 52 129 175 413
1990 5 9 2 26 23 75 119 185 439
1990 6 3 0 17 22 55 138 159 394
1990 7 4 0 16 27 39 108 126 320
1990 8 5 1 27 28 48 109 133 351
1990 9 2 1 30 17 41 124 161 376
1990 10 2 0 17 29 59 157 197 461
1990 11 10 0 23 18 52 151 204 458
1990 12 7 0 29 23 63 149 210 481
1991 1 8 3 40 38 59 174 221 543
1991 2 6 0 32 26 59 192 271 586
1991 3 9 1 43 29 85 208 268 643
1991 4 7 0 28 28 69 150 178 460
1991 5 10 0 25 14 57 127 169 402
1991 6 3 0 22 15 63 127 163 393
1991 7 2 1 22 18 50 105 136 334
1991 8 4 0 14 24 39 115 155 351
1991 9 4 0 26 19 43 112 139 343
1991 10 4 1 34 21 54 136 195 445
1991 11 7 0 26 18 58 143 188 440
1991 12 10 2 34 36 101 218 346 747
1992 1 11 2 42 37 102 261 292 747
1992 2 17 0 27 20 72 149 210 495
1992 3 4 0 23 20 72 150 207 476
1992 4 4 2 28 19 51 152 201 457
1992 5 3 2 27 23 58 119 183 415
1992 6 2 0 24 13 54 105 144 342
1992 7 3 0 24 17 38 112 141 335
1992 8 5 0 15 11 56 97 111 295
1992 9 2 0 23 16 46 101 132 320
1992 10 3 0 31 34 46 136 176 426
1992 11 6 2 25 19 72 109 180 413
1992 12 4 0 28 18 64 134 209 457
1993 1 2 2 29 24 57 162 276 552
1993 2 12 0 28 20 56 164 237 517
1993 3 8 1 33 31 90 208 317 688
1993 4 4 1 40 28 69 205 255 602
1993 5 4 2 24 13 46 131 176 396
1993 6 3 1 19 12 34 114 173 356
1993 7 2 0 24 19 60 106 156 367
1993 8 4 0 20 18 45 123 159 369
1993 9 7 1 30 21 56 137 157 409
1993 10 5 0 31 10 77 156 236 515
1993 11 2 1 29 15 63 136 209 455
1993 12 2 0 34 34 69 184 269 592
1994 1 5 0 46 35 126 304 410 926
1994 2 6 0 21 24 61 170 235 517
1994 3 11 1 29 23 61 157 220 502
1994 4 6 1 34 20 54 122 206 443
1994 5 2 1 28 22 58 128 171 410
1994 6 2 0 21 20 53 115 161 372
1994 7 3 0 19 17 55 99 154 347
1994 8 3 0 20 23 49 110 155 360
1994 9 3 0 24 19 56 115 156 373
1994 10 4 1 29 23 43 142 184 426
1994 11 3 0 28 19 60 138 174 422
1994 12 5 0 31 24 81 169 204 514
1995 1 5 1 34 22 74 182 286 604
1995 2 4 2 36 24 86 189 283 624
1995 3 9 0 28 24 81 164 299 605
1995 4 8 0 29 17 72 118 191 435
1995 5 3 0 29 23 63 121 180 419
1995 6 5 0 22 14 55 119 160 375
1995 7 4 2 18 19 45 128 160 376
1995 8 3 0 26 15 42 125 175 386
1995 9 2 0 21 17 55 119 151 365
1995 10 5 2 24 17 54 127 192 421
1995 11 4 2 22 17 56 148 203 452
1995 12 4 1 38 29 73 190 256 591
1996 1 6 0 34 35 70 202 285 632
1996 2 10 4 30 16 67 151 221 499
1996 3 8 0 27 22 68 162 249 536
1996 4 3 0 27 26 72 163 243 534
1996 5 6 0 16 33 58 142 182 437
1996 6 3 0 22 14 53 92 165 349
1996 7 4 1 17 19 42 102 149 334
1996 8 1 0 15 16 45 117 140 334
1996 9 5 0 17 15 41 101 136 315
1996 10 4 0 26 16 48 142 201 437
1996 11 6 2 24 16 50 143 194 435
1996 12 1 0 41 33 76 254 350 755
1997 1 10 0 37 29 78 216 352 722
1997 2 4 0 27 21 50 147 220 469
1997 3 4 1 23 26 66 186 234 540
1997 4 9 0 17 19 64 147 221 477
1997 5 1 0 17 18 48 149 198 431
1997 6 3 0 21 23 43 115 167 372
1997 7 4 0 13 18 39 121 172 367
1997 8 6 0 20 18 33 108 165 350
1997 9 4 1 20 18 39 113 162 357
1997 10 5 0 26 13 54 104 208 410
1997 11 4 1 12 27 47 134 214 439
1997 12 6 1 18 28 70 166 237 526
1998 1 6 1 32 36 80 226 376 757
1998 2 6 4 33 32 91 232 402 800
1998 3 10 1 29 16 82 152 281 571
1998 4 4 0 22 6 55 114 194 395
1998 5 0 0 13 25 51 132 154 375
1998 6 5 0 18 15 41 95 169 343
1998 7 1 0 23 18 57 100 169 368
1998 8 1 1 26 20 39 113 166 366
1998 9 5 1 27 24 54 108 150 369
1998 10 7 2 25 18 47 143 187 429
1998 11 12 0 19 23 62 144 184 444
1998 12 5 0 38 18 61 158 242 522
1999 1 6 2 22 21 50 134 270 505
1999 2 8 2 43 21 56 152 259 541
1999 3 8 1 43 31 54 197 337 671
1999 4 0 0 24 11 43 118 184 380
1999 5 2 1 24 15 33 98 135 308
1999 6 3 0 18 10 26 72 115 244
1999 7 2 0 11 14 23 63 118 231
1999 8 2 0 15 10 33 69 112 241
1999 9 0 0 8 16 24 84 131 263
1999 10 5 1 23 9 32 86 158 314
1999 11 2 2 17 14 31 75 145 286
1999 12 3 0 28 21 38 129 233 452
2000 1 5 0 37 35 81 249 410 817
2000 2 5 1 20 18 45 108 227 424
2000 3 3 1 24 9 35 112 157 341
2000 4 1 1 22 12 28 109 157 330
2000 5 0 0 15 18 29 83 122 267
2000 6 2 0 13 9 22 49 113 208
2000 7 1 0 9 8 30 60 103 211
2000 8 4 0 14 10 33 67 119 247
2000 9 2 1 11 13 20 75 125 247
2000 10 1 3 12 8 32 80 169 305
2000 11 3 0 11 12 35 91 161 313
2000 12 1 0 31 14 42 126 209 423
2001 1 3 2 25 12 51 115 173 381
2001 2 3 1 26 18 35 86 148 317
2001 3 8 2 17 17 33 105 190 372
2001 4 5 2 19 15 33 91 177 342
2001 5 1 0 19 12 38 69 131 270
2001 6 1 1 12 6 37 80 138 275
2001 7 1 0 22 8 23 84 136 274
2001 8 1 0 10 12 25 71 119 238
2001 9 2 0 16 15 25 81 145 284
2001 10 1 0 19 18 31 109 190 368
2001 11 1 2 15 16 38 80 161 313
2001 12 5 1 12 14 32 109 180 353
