year month d0 d10 d40 d60 d70 d80 d90 dtot
1979 1 1049 309 11354 17912 31031 38378 27768 127801
1979 2 932 286 9849 15736 27481 33841 23974 112099
1979 3 972 258 10580 16690 29186 35713 25041 118440
1979 4 811 257 10137 15977 28100 34141 24314 113737
1979 5 744 258 10505 16297 28612 34526 24399 115341
1979 6 686 232 9772 15460 26695 32327 22625 107797
1979 7 705 269 10208 15539 27018 32276 22810 108825
1979 8 712 227 9951 15238 26638 31759 22360 106885
1979 9 778 250 9509 14651 25870 31701 22434 105193
1979 10 811 271 10151 16281 28449 35088 25117 116168
1979 11 811 249 9905 15911 28271 34460 25400 115007
1979 12 951 268 10674 17007 30521 38003 28179 125603
1980 1 1026 301 10898 17507 31413 39404 29936 130485
1980 2 990 317 10425 17058 30919 39645 31207 130561
1980 3 894 276 10588 17293 31665 40322 30948 131986
1980 4 791 232 9973 15889 28997 34769 25500 116151
1980 5 761 249 10061 16132 28995 34293 24094 114585
1980 6 737 258 9761 15365 27097 32273 22855 108346
1980 7 778 262 10253 16059 28357 33911 24349 113969
1980 8 778 268 10101 15488 26954 32623 23361 109573
1980 9 717 205 9576 14882 26378 31386 22798 105942
1980 10 787 245 10029 16085 29100 35511 25924 117681
1980 11 803 235 10035 16293 28926 35794 26716 118802
1980 12 966 244 11494 18432 34034 42982 33532 141684
1981 1 1025 320 11743 19641 36317 47222 38768 155036
1981 2 898 262 9600 15973 28766 36324 28073 119896
1981 3 964 238 10488 16720 30517 36914 27811 123652
1981 4 729 235 9929 15980 28696 34295 25381 115245
1981 5 766 242 9917 16390 29024 34791 25321 116451
1981 6 683 245 9683 15288 27159 32412 23629 109099
1981 7 740 256 9954 15518 27282 33032 24413 111195
1981 8 740 246 9794 15500 26650 32239 24166 109335
1981 9 710 204 9584 15033 26573 32284 23690 108078
1981 10 835 251 10004 16423 29256 35658 27202 119629
1981 11 820 256 9736 15754 28679 35141 26342 116728
1981 12 928 257 10420 17195 30980 38762 29477 128019
1982 1 893 236 10714 17846 32364 40613 30852 133518
1982 2 805 198 9303 15173 27532 34252 26511 113774
1982 3 951 266 10238 16765 31386 38915 29096 127617
1982 4 822 249 9916 16259 30699 37517 28619 124081
1982 5 758 240 10114 16292 29831 36307 26832 120374
1982 6 696 245 9429 15328 27776 34017 24487 111978
1982 7 655 273 9919 15949 28385 34104 26014 115299
1982 8 692 258 9692 15388 27175 33445 24780 111430
1982 9 763 219 9200 15024 27222 33178 24948 110554
1982 10 801 245 9686 16231 29355 36298 27120 119736
1982 11 795 256 9603 15711 28501 35496 27066 117428
1982 12 829 250 9922 16791 30789 38456 29353 126390
1983 1 946 283 10583 17677 32493 41450 32589 136021
1983 2 873 253 9519 16293 30367 38563 30903 126771
1983 3 883 251 10103 17193 32025 41285 32252 133992
1983 4 767 232 9855 16518 30606 38049 30040 126067
1983 5 748 244 9988 16477 30300 36985 27735 122477
1983 6 710 238 9426 15434 28441 34170 25450 113869
1983 7 695 223 9825 16014 28550 35415 26773 117495
1983 8 773 201 9628 15375 27532 34195 25831 113535
1983 9 762 201 9233 14848 27201 33703 25432 111380
1983 10 822 235 9724 15943 29359 36715 28094 120892
1983 11 812 219 9722 15863 29385 37186 28822 122009
1983 12 942 253 10411 17899 32622 41576 32472 136175
1984 1 974 281 10468 17517 32743 41750 33983 137716
1984 2 856 286 9789 16136 29906 38575 30802 126350
1984 3 849 234 10253 17310 32442 41489 33166 135743
1984 4 782 244 9696 16395 30531 38988 30428 127064
1984 5 729 217 9894 16245 30155 37875 28907 124022
1984 6 700 239 9584 15431 28713 35364 26661 116692
1984 7 713 256 9626 15308 28059 34713 26234 114909
1984 8 705 242 9589 15245 27529 34856 26037 114203
1984 9 728 236 9180 14798 27325 34658 26297 113222
1984 10 780 222 9690 16018 29265 36951 28525 121451
1984 11 845 206 9949 16107 30159 38187 29418 124871
1984 12 837 234 10492 17372 32302 42121 33218 136576
1985 1 906 276 11106 18869 35764 47767 38819 153507
1985 2 808 250 10095 16939 32746 43875 36694 141407
1985 3 914 205 10236 16857 32324 42105 33631 136272
1985 4 802 232 9668 15904 29902 38440 29515 124463
1985 5 736 223 9932 15906 29756 37367 28674 122594
1985 6 694 248 9593 14981 28046 35122 26566 115250
1985 7 736 239 9652 15304 28222 35617 27134 116904
1985 8 699 203 9779 15177 27665 35062 26798 115383
1985 9 768 223 9448 14965 27679 35327 27231 115641
1985 10 762 219 9774 15596 29836 38050 30712 124949
1985 11 798 191 9719 15703 29170 37810 30365 123756
1985 12 951 220 10750 17467 32942 43356 34773 140459
1986 1 963 241 10975 17629 33771 45295 37480 146354
1986 2 756 273 9822 16200 31465 41560 34667 134743
1986 3 849 258 10498 17017 33341 43642 36181 141786
1986 4 762 220 9957 15767 30312 39153 30894 127065
1986 5 711 200 10016 15726 29720 38222 29602 124197
1986 6 645 211 9681 14770 27958 35835 27675 116775
1986 7 714 228 9982 15269 28964 36644 28702 120503
1986 8 653 213 9889 14870 28003 36206 27519 117353
1986 9 707 211 9701 14510 28000 35805 27992 116926
1986 10 724 198 10189 15104 29776 38366 30344 124701
1986 11 765 192 10159 15496 30304 39512 31142 127570
1986 12 861 242 10852 16691 32814 43459 34807 139726
1987 1 940 242 11282 17447 34457 46015 37490 147873
1987 2 773 180 9769 14953 29962 39212 32456 127305
1987 3 808 243 10972 16275 32590 43190 34792 138870
1987 4 708 234 10171 15636 30748 40108 31854 129459
1987 5 701 250 10293 15404 30343 39258 30499 126748
1987 6 710 213 9897 14645 28550 36635 29015 119665
1987 7 672 246 10345 15054 28952 37452 29819 122540
1987 8 664 243 9952 14487 28504 36871 29605 120326
1987 9 693 213 9588 14106 27764 36771 29063 118198
1987 10 783 213 10496 15190 30733 40381 33332 131128
1987 11 774 188 9905 14891 29887 40057 32904 128606
1987 12 833 253 10913 16045 32208 43763 36047 140062
1988 1 887 238 11098 16832 33774 47418 40248 150495
1988 2 833 209 10652 15805 32556 45263 39367 144685
1988 3 834 241 10925 16352 34071 46454 39994 148871
1988 4 725 182 10062 15050 30307 40730 32732 129788
1988 5 713 229 10360 14980 30078 40144 31878 128382
1988 6 691 215 9795 14319 28456 37309 29481 120266
1988 7 698 254 10472 14382 28674 37520 29864 121864
1988 8 644 231 10343 14268 28170 37643 29654 120953
1988 9 731 195 9772 13779 27301 36934 29267 117979
1988 10 727 210 10444 14717 29992 40140 32718 128948
1988 11 770 205 10129 14488 29629 39800 32334 127355
1988 12 794 235 11134 15792 32298 44380 36669 141302
1989 1 853 244 11118 15937 33106 46109 38731 146098
1989 2 815 247 10235 14683 30461 42514 36452 135407
1989 3 799 233 11056 15320 31902 44582 37705 141597
1989 4 667 179 9917 13998 29105 39587 31870 125323
1989 5 667 203 10308 14215 29189 39077 31034 124693
1989 6 620 205 9790 13181 27063 36097 28848 115804
1989 7 616 221 10051 13073 27139 36583 29459 117142
1989 8 598 181 9902 13153 26979 36696 28781 116290
1989 9 660 199 9658 12997 26300 35716 29270 114800
1989 10 689 203 10342 13808 28327 39590 32747 125706
1989 11 713 206 10118 13743 28435 39484 32564 125263
1989 12 843 228 11331 15795 33600 48073 40115 149985
1990 1 883 236 11480 16549 35445 52016 45493 162102
1990 2 732 205 9749 13537 29446 41948 35893 131510
1990 3 716 186 10362 14303 30420 42698 35121 133806
1990 4 697 183 9961 13528 28380 39261 32081 124091
1990 5 626 216 9989 13537 28260 38881 31138 122647
1990 6 648 179 9734 12820 26987 36921 29797 117086
1990 7 616 203 10084 12818 26996 36704 30067 117488
1990 8 645 203 9924 12575 26461 36139 29065 115012
1990 9 587 191 9703 12349 26096 35685 29654 114265
1990 10 649 205 10111 12968 27905 39216 32746 123800
1990 11 633 197 10102 13326 28081 39491 32980 124810
1990 12 691 223 10667 14181 30682 42867 36337 135648
1991 1 791 235 11094 14640 31644 44715 38526 141645
1991 2 711 202 9730 13112 28193 40329 34834 127111
1991 3 782 238 10715 14128 31062 43492 37696 138113
1991 4 692 196 10205 13206 29045 40085 33747 127176
1991 5 652 181 10231 13225 28551 39701 32556 125097
1991 6 516 186 10094 12346 26660 36924 30334 117060
1991 7 553 216 10253 12624 26712 37167 31094 118619
1991 8 606 186 10193 12069 26111 36349 30284 115798
1991 9 581 153 9791 11746 25966 35731 29973 113941
1991 10 577 187 10244 12843 27918 39621 34205 125595
1991 11 633 195 10454 13124 28696 40901 35099 129102
1991 12 744 239 11275 14862 32629 47191 41436 148376
1992 1 834 201 11660 14855 33331 48822 44202 153905
1992 2 688 176 10301 12588 28515 40618 35353 128239
1992 3 675 190 10571 13302 29644 41668 35866 131916
1992 4 604 187 10193 12545 27842 39586 33595 124552
1992 5 599 179 10496 12676 27939 39168 33035 124092
1992 6 564 182 10148 11975 26430 37052 31271 117622
1992 7 585 203 10433 12151 26647 36937 31326 118282
1992 8 585 166 10257 11951 26222 37078 31161 117420
1992 9 620 176 9972 11610 25779 36342 30991 115490
1992 10 579 196 10574 12295 27982 39863 34407 125896
1992 11 560 185 10576 12558 27760 39300 34665 125604
1992 12 648 220 11165 13736 30712 44629 40098 141208
1993 1 682 237 11447 13772 31151 45357 41072 143718
1993 2 721 227 10667 12803 29067 42868 39260 135613
1993 3 703 211 11735 14268 33085 48874 45301 154177
1993 4 675 187 10792 12950 29281 42947 38227 135059
1993 5 558 173 10729 12508 28876 40901 35167 128912
1993 6 550 210 10356 11996 26560 37761 32733 120166
1993 7 584 195 10871 12139 26934 38311 33562 122596
1993 8 534 212 10470 11828 26246 37145 32499 118934
1993 9 505 185 10136 11263 25787 37074 32803 117753
1993 10 540 180 10785 12455 28057 41064 37020 130101
1993 11 562 168 10654 12399 28156 41555 37322 130816
1993 12 619 225 11750 13776 32122 48031 44218 150741
1994 1 735 208 12624 15264 35856 55102 52869 172658
1994 2 628 186 10492 12164 28660 42521 38982 133633
1994 3 662 199 11363 12845 29786 43623 39005 137483
1994 4 562 177 10769 12301 27861 40735 36656 129061
1994 5 572 192 11113 12291 28102 40504 36036 128810
1994 6 525 180 10913 11735 26307 37902 33559 121121
1994 7 523 175 10912 11577 26227 38041 33806 121261
1994 8 523 171 11081 11380 26235 38083 33618 121091
1994 9 524 175 10562 11416 25847 37068 33818 119410
1994 10 523 193 11316 12097 27854 40802 37156 129941
1994 11 567 185 11051 11885 27051 40437 37406 128582
1994 12 590 206 11905 12905 29790 44992 41812 142200
1995 1 607 188 12312 13505 31499 47666 44858 150635
1995 2 593 196 10937 12244 28490 43894 41425 137779
1995 3 615 201 11830 13103 31011 46935 44061 147756
1995 4 560 185 11280 12239 28405 42186 38951 133806
1995 5 522 190 11144 11941 27998 41813 37758 131366
1995 6 535 190 10949 11433 25636 38848 34623 122214
1995 7 459 177 11253 11757 26416 39276 35903 125241
1995 8 475 174 10999 11307 25477 38051 35069 121552
1995 9 501 163 10460 10829 25285 37639 34676 119553
1995 10 543 187 11108 11853 26856 40924 38352 129823
1995 11 505 164 11165 12221 27595 41897 40199 133746
1995 12 628 230 12503 13367 31047 47975 45732 151482
1996 1 718 206 12667 13989 32367 50476 48901 159324
1996 2 562 193 11109 12253 27756 43727 41600 137200
1996 3 576 227 11580 12617 29424 45976 42842 143242
1996 4 558 191 10766 12154 27660 42769 40473 134571
1996 5 494 180 11252 11905 27271 41187 37358 129647
1996 6 450 175 10430 11279 25057 38332 34962 120685
1996 7 505 182 10866 11337 25495 38910 35584 122879
1996 8 462 193 10311 10971 24591 38237 35057 119822
1996 9 440 170 10284 11059 24720 37657 34925 119255
1996 10 514 181 10640 11709 26635 41901 39510 131090
1996 11 507 180 10623 11810 26765 42292 39971 132148
1996 12 567 227 11846 13466 31397 51353 50324 159180
1997 1 608 220 12237 13793 32383 53820 53137 166198
1997 2 538 185 10398 11865 26772 43315 41981 135054
1997 3 567 204 11473 12609 29400 46526 44766 145545
1997 4 539 194 10700 12055 27054 43929 41139 135610
1997 5 487 164 10702 12111 26816 42272 39782 132334
1997 6 456 168 10161 11165 24877 39062 35691 121580
1997 7 443 190 10346 11159 24804 39211 36261 122414
1997 8 443 162 10387 11092 24464 38251 35812 120611
1997 9 464 169 10057 10764 23829 37903 35953 119139
1997 10 456 176 10650 11597 25971 41568 40010 130428
1997 11 506 171 10490 11588 26297 43021 41383 133456
1997 12 573 187 11595 13184 29360 48102 47954 150955
1998 1 623 218 12096 14409 32188 55119 56045 170698
1998 2 569 187 10472 12431 28128 48112 48972 148871
1998 3 535 196 11199 12524 28336 47210 46021 146021
1998 4 499 169 10337 11828 26167 42016 39452 130468
1998 5 486 161 10626 11530 26069 41973 38814 129659
1998 6 453 166 10332 11411 24948 39736 36799 123845
1998 7 487 146 10463 11456 24798 39493 37309 124152
1998 8 451 153 10322 11224 24337 39755 37386 123628
1998 9 453 135 10141 10905 23518 38492 36906 120550
1998 10 493 174 10537 11748 25740 42514 41467 132673
1998 11 516 161 10426 11818 25504 43089 41944 133458
1998 12 544 177 11090 12658 27721 46775 45814 144779
1999 1 582 187 12657 14659 30984 53612 54979 167660
1999 2 556 245 11391 12863 28806 49779 50231 153871
1999 3 600 212 12434 14304 30921 53877 54641 166989
1999 4 500 196 11295 12643 26935 45540 44210 141319
1999 5 478 190 11245 12446 25656 43110 41361 134486
1999 6 457 179 10830 11447 23872 39804 38019 124608
1999 7 427 147 11056 11819 24645 40762 39165 128021
1999 8 422 196 10623 11393 23678 39596 38364 124272
1999 9 411 176 10597 11005 23288 39598 38644 123719
1999 10 486 180 11171 12227 25642 43332 43295 136333
1999 11 476 162 10849 12046 25155 42918 43230 134836
1999 12 541 202 12569 14305 29907 51969 52193 161686
2000 1 609 235 13777 15603 33141 59008 62818 185191
2000 2 527 182 11790 12842 26885 47262 48152 147640
2000 3 518 203 11563 12723 26609 46265 45668 143549
2000 4 428 175 11076 12051 25002 42806 42223 133761
2000 5 419 183 11296 12332 25236 42828 41791 134085
2000 6 426 161 11000 11563 23661 40129 39094 126034
2000 7 468 158 11059 11915 23701 40704 40546 128551
2000 8 386 162 10990 11777 23691 41041 40430 128477
2000 9 433 156 10787 11567 23256 40767 41013 127979
2000 10 476 149 11292 12131 24971 44437 44657 138113
2000 11 469 161 11475 12544 25083 45163 45380 140275
2000 12 488 207 12551 13960 27854 50473 51911 157444
2001 1 574 212 13087 14298 28849 52397 54262 163679
2001 2 540 204 11676 12475 25466 45604 46467 142432
2001 3 542 203 12556 13613 27055 49504 50434 153907
2001 4 449 172 11617 12660 25577 46166 46322 142963
2001 5 477 161 11807 12354 25079 44789 45071 139738
2001 6 436 169 11307 11851 23806 42243 42455 132267
2001 7 424 159 11337 12017 23501 41151 41394 129983
2001 8 426 155 11530 12039 23316 40817 40782 129065
2001 9 446 158 11132 11686 22308 40039 40783 126552
2001 10 471 152 11806 12520 24495 44614 45424 139482
2001 11 477 158 11273 12486 24477 43510 43968 136349
2001 12 505 183 12185 13460 26193 47029 47877 147432
