year month d0 d10 d40 d60 d70 d80 d90 dtot
1979 1 336 82 1288 1571 3034 4743 4455 15509
1979 2 275 78 1032 1328 2536 3942 3645 12836
1979 3 295 69 1109 1429 2711 4245 3658 13516
1979 4 211 48 1049 1356 2589 3859 3570 12682
1979 5 180 54 1072 1271 2593 3808 3411 12389
1979 6 155 37 977 1203 2253 3452 2969 11046
1979 7 152 42 920 1197 2278 3443 2896 10928
1979 8 154 34 894 1207 2327 3359 2798 10773
1979 9 163 46 950 1192 2204 3422 2844 10821
1979 10 198 47 983 1387 2447 3941 3414 12417
1979 11 205 48 881 1275 2530 3846 3498 12283
1979 12 259 55 1086 1451 2719 4425 4103 14098
1980 1 293 68 1227 1510 3125 5068 5024 16315
1980 2 309 87 1288 1653 3432 5775 6043 18587
1980 3 253 63 1208 1673 3456 5778 6005 18436
1980 4 171 35 954 1421 2699 4093 3817 13190
1980 5 165 47 930 1214 2399 3556 3223 11534
1980 6 167 45 881 1191 2225 3326 2951 10786
1980 7 181 30 844 1225 2308 3528 3149 11265
1980 8 157 35 934 1239 2293 3451 2844 10953
1980 9 140 20 849 1194 2264 3296 2911 10674
1980 10 161 43 930 1303 2536 3821 3497 12291
1980 11 185 41 1001 1337 2569 4080 3814 13027
1980 12 241 55 1264 1765 3700 5998 5993 19016
1981 1 247 76 1573 2332 4823 8313 8962 26326
1981 2 253 63 1105 1527 3049 5060 5304 16361
1981 3 230 59 1042 1401 2748 4487 4320 14287
1981 4 150 40 970 1191 2500 3955 3598 12404
1981 5 161 43 829 1283 2348 3733 3365 11762
1981 6 167 39 861 1123 2164 3324 2972 10650
1981 7 133 34 839 1244 2322 3345 3128 11045
1981 8 135 26 878 1204 2218 3253 2906 10620
1981 9 115 26 817 1109 2289 3338 3004 10698
1981 10 168 37 905 1326 2515 4082 3836 12869
1981 11 141 47 908 1224 2503 3898 3684 12405
1981 12 239 54 968 1395 2709 4309 4358 14032
1982 1 213 47 998 1459 2886 4913 4738 15254
1982 2 205 34 924 1241 2361 3998 4044 12807
1982 3 251 71 1017 1344 2912 4651 4592 14838
1982 4 200 46 956 1268 2777 4421 4451 14119
1982 5 167 49 890 1282 2508 3922 3702 12520
1982 6 150 36 848 1102 2356 3455 3098 11045
1982 7 107 28 850 1205 2286 3483 3448 11407
1982 8 103 29 841 1201 2272 3365 3081 10892
1982 9 118 22 863 1162 2221 3369 3243 10998
1982 10 154 45 906 1246 2515 3799 3732 12397
1982 11 161 36 877 1236 2398 3734 3765 12207
1982 12 228 44 890 1308 2661 4319 4300 13750
1983 1 219 60 1142 1525 3174 5371 5502 16993
1983 2 228 56 1023 1514 3148 5215 5736 16920
1983 3 218 48 1065 1551 3210 5495 5802 17389
1983 4 166 37 945 1337 2824 4464 4808 14581
1983 5 147 39 846 1178 2580 4012 4069 12871
1983 6 130 34 799 1118 2370 3582 3461 11494
1983 7 136 23 812 1139 2333 3691 3526 11660
1983 8 136 28 846 1170 2334 3581 3334 11429
1983 9 141 21 783 1123 2293 3516 3347 11224
1983 10 162 35 904 1251 2537 4071 4142 13102
1983 11 172 32 952 1248 2592 4215 4244 13455
1983 12 218 60 974 1470 2964 4858 5022 15566
1984 1 238 61 1077 1456 3119 5304 5712 16967
1984 2 208 67 1030 1424 3019 5001 5345 16094
1984 3 179 48 1103 1445 3275 5395 5850 17295
1984 4 134 33 938 1331 2966 4844 5018 15264
1984 5 146 41 895 1268 2663 4408 4368 13789
1984 6 122 27 822 1144 2404 3735 3764 12018
1984 7 111 19 825 1119 2300 3658 3501 11533
1984 8 118 34 833 1105 2438 3654 3450 11632
1984 9 110 40 833 1155 2328 3704 3535 11705
1984 10 134 35 860 1276 2655 4218 4231 13409
1984 11 157 28 986 1274 2714 4378 4425 13962
1984 12 180 45 1113 1460 3102 5139 5248 16287
1985 1 195 46 1252 1772 3889 6862 7557 21573
1985 2 176 52 1205 1666 3901 7185 8342 22527
1985 3 203 40 1029 1595 3440 5805 6021 18133
1985 4 153 32 931 1311 2772 4709 4755 14663
1985 5 134 30 918 1224 2524 4199 4186 13215
1985 6 113 28 847 1120 2556 3920 3729 12313
1985 7 123 32 865 1195 2442 3981 3869 12507
1985 8 128 25 898 1189 2395 3912 3629 12176
1985 9 111 17 922 1141 2418 3982 3874 12465
1985 10 134 33 963 1210 2715 4516 4675 14246
1985 11 144 28 1003 1272 2737 4550 4863 14597
1985 12 222 43 1084 1526 3178 5456 5617 17126
1986 1 236 52 1286 1657 3701 6463 7201 20596
1986 2 144 57 1200 1593 3607 6436 7170 20207
1986 3 189 59 1190 1546 3645 6367 6887 19883
1986 4 142 39 1029 1351 2903 4956 5099 15519
1986 5 120 23 942 1279 2748 4631 4558 14301
1986 6 118 36 899 1088 2507 4075 3967 12690
1986 7 118 18 945 1158 2466 3882 4046 12633
1986 8 107 22 889 1135 2484 4046 3965 12648
1986 9 130 13 962 1165 2502 4130 4014 12916
1986 10 118 33 1037 1244 2651 4582 4658 14323
1986 11 137 27 1073 1210 2839 4760 4894 14940
1986 12 176 50 1223 1452 3218 5693 5682 17494
1987 1 225 43 1414 1575 3667 6478 6857 20259
1987 2 167 29 1163 1320 3169 5224 5815 16887
1987 3 173 48 1197 1382 3318 5718 6154 17990
1987 4 141 24 1057 1281 3017 5120 5339 15979
1987 5 120 27 1070 1210 2695 4807 4753 14682
1987 6 107 25 979 1256 2618 4379 4343 13707
1987 7 101 26 1050 1224 2656 4353 4297 13707
1987 8 101 39 926 1155 2559 4289 4191 13260
1987 9 120 20 980 1167 2635 4333 4361 13616
1987 10 137 29 1125 1282 2948 5124 5288 15933
1987 11 149 16 1090 1239 2921 5057 5224 15696
1987 12 181 39 1261 1397 3197 5611 5962 17648
1988 1 217 36 1383 1512 3750 6749 7840 21487
1988 2 196 43 1424 1527 3786 7170 8603 22749
1988 3 188 36 1393 1638 3908 7354 8322 22839
1988 4 149 17 1253 1317 3098 5545 5750 17129
1988 5 137 29 1126 1198 2908 4954 5131 15483
1988 6 118 25 1055 1138 2654 4476 4573 14039
1988 7 112 41 1092 1132 2610 4296 4324 13607
1988 8 96 32 1065 1062 2558 4328 4228 13369
1988 9 103 27 1077 1098 2538 4414 4305 13562
1988 10 102 24 1232 1296 2955 4908 5261 15778
1988 11 130 34 1196 1205 2873 5147 5277 15862
1988 12 161 37 1399 1408 3297 6026 6459 18787
1989 1 193 49 1562 1644 3960 7131 7898 22437
1989 2 214 82 1502 1575 3818 7031 7991 22213
1989 3 180 50 1475 1537 3785 6908 7695 21630
1989 4 134 34 1169 1354 3054 5514 5733 16992
1989 5 143 32 1250 1235 2997 5011 5224 15892
1989 6 116 24 1184 1096 2701 4531 4524 14176
1989 7 107 27 1204 1110 2616 4537 4587 14188
1989 8 106 28 1152 1193 2663 4532 4289 13963
1989 9 103 35 1206 1175 2712 4536 4638 14405
1989 10 129 26 1344 1280 2966 5354 5475 16574
1989 11 135 34 1278 1232 2812 5189 5501 16181
1989 12 221 55 1521 1520 3666 7085 7517 21585
1990 1 246 61 1905 2077 5063 9675 11183 30210
1990 2 180 37 1354 1420 3646 7044 7887 21568
1990 3 169 34 1347 1423 3427 6332 6736 19468
1990 4 139 39 1229 1268 3059 5364 5714 16812
1990 5 131 42 1279 1207 2951 5139 5233 15982
1990 6 122 32 1181 1109 2769 4832 4924 14969
1990 7 105 34 1245 1020 2596 4587 4701 14288
1990 8 119 32 1237 1144 2588 4512 4380 14012
1990 9 97 25 1193 1060 2629 4406 4662 14072
1990 10 128 40 1256 1238 2860 5195 5558 16275
1990 11 136 37 1357 1270 2944 5321 5485 16550
1990 12 182 50 1456 1303 3242 5903 6381 18517
1991 1 204 50 1573 1468 3648 6764 7306 21013
1991 2 198 47 1373 1286 3165 6218 6802 19089
1991 3 213 58 1524 1414 3539 6587 7440 20775
1991 4 167 37 1373 1252 3157 5767 6087 17840
1991 5 121 34 1271 1197 2867 5185 5542 16217
1991 6 106 27 1214 1054 2683 4644 4812 14540
1991 7 85 28 1226 1109 2492 4503 4788 14231
1991 8 91 27 1167 1049 2546 4582 4534 13996
1991 9 110 17 1195 1028 2524 4313 4687 13874
1991 10 101 35 1346 1166 2877 5170 5675 16370
1991 11 141 38 1405 1223 3002 5573 6051 17433
1991 12 181 63 1718 1565 3884 7343 8363 23117
1992 1 264 47 1749 1696 4438 8480 9955 26629
1992 2 175 31 1404 1156 3135 5846 6632 18379
1992 3 159 39 1375 1194 3079 5756 6345 17947
1992 4 130 39 1390 1137 2860 5342 5730 16628
1992 5 121 30 1273 1120 2804 5030 5334 15712
1992 6 110 25 1248 970 2648 4561 4727 14289
1992 7 112 33 1240 1060 2534 4478 4667 14124
1992 8 88 20 1216 945 2536 4383 4486 13674
1992 9 118 29 1195 911 2476 4382 4528 13639
1992 10 98 30 1297 1032 2677 5017 5414 15565
1992 11 117 34 1368 1053 2797 4986 5508 15863
1992 12 152 48 1466 1237 3301 6261 6754 19219
1993 1 172 49 1617 1338 3441 6518 7661 20796
1993 2 186 56 1516 1295 3169 6338 7287 19847
1993 3 207 54 1672 1497 3943 7584 9413 24370
1993 4 166 33 1471 1262 3195 6133 6921 19181
1993 5 113 39 1301 1077 2844 5418 5772 16564
1993 6 101 29 1244 1013 2507 4800 4959 14653
1993 7 110 29 1260 1010 2433 4612 4836 14290
1993 8 94 28 1289 944 2498 4415 4788 14056
1993 9 82 33 1248 920 2368 4592 4721 13964
1993 10 81 24 1390 1032 2850 5373 6061 16811
1993 11 101 42 1437 1097 2841 5413 6057 16988
1993 12 152 39 1761 1352 3703 7132 8327 22466
1994 1 201 43 2051 1732 4882 10192 12402 31503
1994 2 203 33 1491 1129 3220 6339 7392 19807
1994 3 167 41 1537 1194 3117 6027 6521 18604
1994 4 135 39 1433 1092 2805 5445 5923 16872
1994 5 114 36 1433 1053 2676 5164 5572 16048
1994 6 83 29 1334 924 2482 4681 4965 14498
1994 7 80 23 1304 939 2512 4511 4885 14254
1994 8 93 22 1432 988 2465 4485 4733 14218
1994 9 94 21 1385 943 2475 4492 4944 14354
1994 10 97 37 1455 1046 2665 5155 5715 16170
1994 11 112 36 1466 1066 2680 5177 5694 16231
1994 12 132 41 1683 1127 3109 6110 6770 18972
1995 1 164 48 1816 1204 3530 7037 8365 22164
1995 2 154 52 1673 1190 3342 6630 7811 20852
1995 3 160 46 1703 1289 3481 7095 8336 22110
1995 4 134 34 1487 1118 3041 5689 6486 17989
1995 5 95 40 1396 1030 2758 5339 6034 16692
1995 6 89 26 1415 898 2562 4805 5215 15010
1995 7 80 25 1306 887 2380 4550 5074 14302
1995 8 74 31 1367 901 2323 4457 4973 14126
1995 9 74 27 1321 884 2432 4481 4979 14198
1995 10 114 42 1444 970 2697 5292 5889 16448
1995 11 109 36 1433 1051 2856 5365 6399 17249
1995 12 159 54 1845 1270 3340 6983 8035 21686
1996 1 227 53 1959 1476 3935 8025 9595 25270
1996 2 162 54 1512 1172 3022 6199 7365 19486
1996 3 145 42 1556 1135 3074 6319 7286 19557
1996 4 129 38 1441 1075 2861 5792 6756 18092
1996 5 76 34 1252 970 2585 5101 5743 15761
1996 6 77 20 1235 888 2318 4555 4977 14070
1996 7 70 24 1153 847 2380 4542 4958 13974
1996 8 88 20 1129 889 2240 4430 4787 13583
1996 9 77 20 1166 831 2343 4474 4961 13872
1996 10 104 33 1162 985 2512 5103 6061 15960
1996 11 87 34 1194 1005 2688 5425 5986 16419
1996 12 133 55 1665 1248 3672 7865 9451 24089
1997 1 156 48 1798 1525 4200 9277 11543 28547
1997 2 122 39 1339 1188 2951 6433 7768 19840
1997 3 136 44 1392 1223 3255 6614 7874 20538
1997 4 130 40 1166 1080 2776 5986 6818 17996
1997 5 81 20 1145 1021 2594 5404 6076 16341
1997 6 73 30 1089 896 2360 4804 5140 14392
1997 7 67 34 930 876 2200 4541 5090 13738
1997 8 76 31 994 845 2236 4323 4827 13332
1997 9 72 29 951 908 2241 4410 5106 13717
1997 10 75 24 1092 976 2469 5113 5789 15538
1997 11 103 40 1170 984 2606 5308 6335 16546
1997 12 144 43 1444 1190 3180 6769 8196 20966
1998 1 164 53 1709 1626 4395 9887 12602 30436
1998 2 142 40 1345 1383 3553 8339 11093 25895
1998 3 121 45 1261 1141 3146 6773 8354 20841
1998 4 91 36 1069 1031 2653 5329 6311 16520
1998 5 71 18 1070 976 2453 5149 5648 15385
1998 6 67 20 1014 883 2324 4795 5195 14298
1998 7 64 21 1014 894 2387 4540 5244 14164
1998 8 69 23 1009 858 2294 4737 5129 14119
1998 9 63 11 1052 890 2260 4609 5223 14108
1998 10 87 32 1093 995 2563 5382 6200 16352
1998 11 131 24 1121 985 2546 5589 6668 17064
1998 12 105 23 1260 1182 2857 6354 7591 19372
1999 1 122 47 1526 1413 3690 8362 10773 25933
1999 2 135 56 1513 1433 3656 8419 10736 25948
1999 3 148 46 1662 1521 3901 9145 11548 27971
1999 4 89 27 1281 1237 3025 6585 7854 20098
1999 5 67 28 1115 1041 2549 5574 6376 16750
1999 6 66 22 1028 923 2327 4782 5543 14691
1999 7 46 16 970 935 2295 4677 5470 14409
1999 8 53 21 923 870 2232 4631 5162 13892
1999 9 48 20 1006 885 2109 4696 5627 14391
1999 10 65 18 1136 972 2527 5417 6537 16672
1999 11 69 21 1165 1065 2538 5596 6826 17280
1999 12 99 49 1589 1417 3502 7929 9496 24081
2000 1 138 55 2133 2023 4906 11298 14859 35412
2000 2 130 32 1452 1256 3260 7394 9231 22755
2000 3 84 36 1215 1141 2880 6298 7653 19307
2000 4 73 28 1127 1045 2459 5581 6503 16816
2000 5 66 25 1075 999 2472 5174 6150 15961
2000 6 57 18 1044 962 2212 4741 5534 14568
2000 7 60 17 1009 937 2150 4801 5678 14652
2000 8 48 20 997 938 2268 4900 5557 14728
2000 9 44 23 972 961 2238 4878 5876 14992
2000 10 54 29 1178 999 2422 5588 6756 17026
2000 11 75 26 1160 1117 2606 5665 7015 17664
2000 12 85 42 1397 1196 2925 7005 8725 21375
2001 1 117 48 1656 1377 3284 7768 9883 24133
2001 2 132 56 1424 1302 2892 6663 8335 20804
2001 3 128 42 1430 1255 2958 6959 8439 21211
2001 4 82 26 1268 1121 2693 6230 7569 18989
2001 5 71 20 1155 1002 2584 5736 6926 17494
2001 6 58 16 1066 1008 2417 5325 6402 16292
2001 7 46 27 1025 974 2295 4901 6095 15363
2001 8 51 21 1055 927 2151 4686 5598 14489
2001 9 61 25 1085 1005 2161 4816 5807 14960
2001 10 53 17 1223 1112 2582 5657 7025 17669
2001 11 71 24 1107 1070 2502 5740 6843 17357
2001 12 80 37 1305 1228 2754 6248 7745 19397
