year month d0 d10 d40 d60 d70 d80 d90 dtot
1979 1 352 65 2008 2030 3008 3659 2285 13407
1979 2 310 47 1704 1901 2831 3256 2057 12106
1979 3 323 62 1922 1995 2949 3371 2144 12766
1979 4 299 47 1841 1954 2800 3282 2022 12245
1979 5 303 55 1850 1848 2841 3281 2057 12235
1979 6 311 70 1839 1832 2875 3153 2090 12170
1979 7 300 67 1886 1841 2937 3273 2105 12409
1979 8 301 51 1940 1899 2898 3137 1995 12221
1979 9 286 57 1858 1800 2828 3179 1937 11945
1979 10 311 53 1942 1955 2995 3516 2245 13017
1979 11 257 39 1867 1945 2947 3347 2229 12631
1979 12 317 40 1948 2065 3252 3806 2474 13902
1980 1 292 55 1990 2163 3254 3930 2777 14461
1980 2 313 55 1756 2048 3284 4181 2898 14535
1980 3 318 41 1892 2053 3160 3810 2621 13895
1980 4 287 43 1880 1874 2928 3325 2137 12474
1980 5 302 65 1935 1888 2932 3389 2048 12559
1980 6 279 43 1919 1795 2815 3199 2017 12067
1980 7 268 67 2025 1934 2972 3451 2194 12911
1980 8 245 52 1964 1906 2879 3285 2080 12411
1980 9 259 48 1819 1764 2729 3065 1940 11624
1980 10 307 42 1826 1992 3148 3529 2227 13071
1980 11 269 42 1914 2037 3119 3531 2479 13391
1980 12 341 51 2201 2278 3689 4432 3417 16409
1981 1 334 60 2124 2239 3580 4384 3325 16046
1981 2 249 50 1700 1765 2744 3240 2249 11997
1981 3 307 41 1857 1950 2860 3463 2267 12745
1981 4 268 37 1846 1837 2855 3256 2159 12258
1981 5 273 68 1902 1870 2994 3435 2277 12819
1981 6 274 56 1892 1842 2830 3077 2094 12065
1981 7 303 63 1934 1898 2922 3392 2298 12810
1981 8 248 54 1819 1860 2769 3154 2151 12055
1981 9 272 49 1854 1765 2751 3125 2097 11913
1981 10 304 49 1900 1985 3093 3600 2494 13425
1981 11 278 46 1856 1945 2972 3320 2366 12783
1981 12 271 54 1973 2074 3110 3561 2538 13581
1982 1 323 40 1900 2099 3207 3766 2658 13993
1982 2 273 39 1709 1775 2705 3310 2359 12170
1982 3 321 50 1931 1952 3172 3680 2512 13618
1982 4 327 50 1761 1941 3070 3555 2514 13218
1982 5 310 49 1877 1947 3003 3495 2249 12930
1982 6 273 58 1780 1875 2716 3348 2055 12105
1982 7 295 66 1931 1942 3020 3381 2422 13057
1982 8 284 48 1773 1808 2745 3266 2149 12073
1982 9 263 55 1834 1813 2742 3153 2239 12099
1982 10 275 59 1841 2002 2934 3656 2432 13199
1982 11 294 40 1810 1935 2910 3456 2386 12831
1982 12 293 43 1897 2032 3133 3705 2560 13663
1983 1 279 39 1951 2101 3225 3857 2817 14269
1983 2 267 40 1698 1904 2920 3519 2754 13102
1983 3 272 50 1793 1984 3064 3822 2693 13678
1983 4 261 46 1757 1850 3044 3498 2583 13039
1983 5 265 44 1902 1990 3014 3412 2398 13025
1983 6 276 51 1808 1757 2881 3217 2256 12246
1983 7 259 57 1947 1871 2895 3382 2393 12804
1983 8 281 40 1902 1817 2839 3295 2347 12521
1983 9 255 34 1786 1723 2839 3283 2275 12195
1983 10 319 42 1873 1847 2949 3491 2554 13075
1983 11 300 34 1768 1885 2910 3601 2662 13160
1983 12 267 39 1996 2091 3235 3763 2781 14172
1984 1 266 41 1930 2125 3263 3875 3017 14517
1984 2 232 33 1830 1838 2928 3510 2673 13044
1984 3 262 38 1955 2008 3113 3641 2893 13910
1984 4 241 54 1813 1876 2876 3609 2633 13102
1984 5 268 40 1801 1777 2989 3477 2505 12857
1984 6 302 52 1898 1871 3032 3508 2566 13229
1984 7 266 39 1831 1871 2710 3363 2272 12352
1984 8 256 43 1926 1859 2721 3369 2363 12537
1984 9 293 40 1851 1809 2800 3378 2359 12530
1984 10 276 44 1978 1871 2845 3435 2580 13029
1984 11 281 49 1868 1953 3070 3616 2477 13314
1984 12 260 40 2130 1973 3149 3926 2899 14377
1985 1 306 45 2164 2284 3567 4524 3446 16336
1985 2 278 37 1835 1781 2910 3609 2958 13408
1985 3 293 40 2004 1937 2969 3678 2691 13612
1985 4 283 37 1883 1783 2832 3414 2475 12707
1985 5 244 45 1836 1840 3002 3366 2400 12733
1985 6 261 57 1948 1754 2805 3230 2280 12335
1985 7 300 49 2068 1794 2756 3302 2489 12758
1985 8 241 44 1976 1824 2815 3260 2341 12501
1985 9 262 43 2054 1813 2821 3247 2412 12652
1985 10 277 31 2127 1872 2968 3619 2692 13586
1985 11 242 37 2023 1889 2895 3487 2664 13237
1985 12 316 30 2249 2123 3074 3861 3050 14703
1986 1 271 37 2235 1934 3216 3939 3244 14876
1986 2 261 42 2008 1853 3037 3740 2921 13862
1986 3 262 44 2139 1843 3201 3813 3093 14395
1986 4 255 40 2020 1767 2922 3456 2707 13167
1986 5 264 47 2039 1871 2867 3484 2604 13176
1986 6 240 30 2073 1702 2796 3260 2363 12464
1986 7 286 49 2178 1749 2748 3247 2533 12790
1986 8 293 47 2233 1692 2714 3214 2271 12464
1986 9 250 52 2124 1706 2870 3203 2351 12556
1986 10 277 37 2145 1755 2845 3492 2512 13063
1986 11 295 39 2222 1869 2965 3575 2735 13700
1986 12 247 53 2277 1922 3173 3858 3018 14548
1987 1 273 36 2309 2020 3215 3977 3224 15054
1987 2 231 42 2006 1641 2737 3459 2803 12919
1987 3 269 30 2318 1830 3063 3569 2705 13784
1987 4 261 35 2184 1756 2832 3410 2655 13133
1987 5 294 41 2273 1850 3039 3468 2759 13724
1987 6 290 43 2349 1782 2779 3304 2495 13042
1987 7 263 47 2359 1789 2870 3409 2547 13284
1987 8 283 49 2243 1637 2745 3300 2536 12793
1987 9 263 30 2191 1649 2710 3309 2492 12644
1987 10 303 37 2404 1860 3055 3559 2917 14135
1987 11 302 33 2258 1740 2839 3567 2789 13528
1987 12 290 57 2424 1746 3136 3703 2893 14249
1988 1 287 47 2445 1896 3161 3897 3233 14966
1988 2 325 38 2284 1715 2844 3618 2978 13802
1988 3 302 32 2366 1872 3224 3897 3395 15088
1988 4 296 36 2208 1706 2827 3541 2783 13397
1988 5 266 48 2301 1682 2806 3443 2693 13239
1988 6 283 55 2224 1634 2785 3342 2518 12841
1988 7 309 61 2404 1687 2714 3302 2640 13117
1988 8 323 39 2554 1672 2829 3562 2703 13682
1988 9 292 37 2328 1615 2681 3293 2526 12772
1988 10 309 43 2340 1669 2957 3652 2960 13930
1988 11 320 46 2263 1651 2867 3444 2717 13308
1988 12 322 34 2487 1844 3022 3782 3159 14650
1989 1 333 50 2449 1772 3029 3867 3205 14705
1989 2 290 24 2132 1636 2738 3447 2836 13103
1989 3 287 43 2420 1743 2924 3746 3149 14312
1989 4 298 30 2238 1654 2655 3397 2675 12947
1989 5 333 41 2355 1638 2689 3429 2537 13022
1989 6 270 50 2288 1518 2567 3151 2415 12259
1989 7 260 38 2398 1580 2705 3152 2581 12714
1989 8 279 36 2491 1621 2649 3269 2503 12848
1989 9 297 29 2269 1535 2517 3148 2504 12299
1989 10 298 35 2449 1569 2854 3498 2836 13539
1989 11 326 52 2338 1610 2838 3458 2741 13363
1989 12 340 50 2563 1723 3078 4064 3250 15068
1990 1 323 52 2566 1857 3173 4205 3813 15989
1990 2 247 44 2190 1517 2581 3460 2849 12888
1990 3 291 42 2491 1552 2756 3636 3008 13776
1990 4 310 30 2207 1522 2722 3327 2699 12817
1990 5 278 45 2296 1541 2624 3265 2577 12626
1990 6 260 48 2261 1431 2604 3139 2550 12293
1990 7 301 35 2368 1482 2504 3301 2466 12457
1990 8 274 28 2355 1482 2555 3108 2469 12271
1990 9 240 40 2138 1440 2500 3152 2454 11964
1990 10 252 33 2366 1454 2566 3424 2600 12695
1990 11 294 45 2245 1624 2728 3461 2814 13211
1990 12 281 34 2467 1645 2869 3659 3020 13975
1991 1 304 50 2506 1685 3042 3871 3525 14983
1991 2 284 35 2166 1425 2406 3232 2758 12306
1991 3 294 31 2353 1552 2796 3398 2804 13228
1991 4 256 33 2220 1477 2616 3184 2686 12472
1991 5 275 35 2276 1447 2715 3249 2658 12655
1991 6 250 34 2352 1371 2506 3088 2480 12081
1991 7 264 33 2491 1432 2618 3264 2642 12744
1991 8 271 48 2387 1366 2517 3139 2446 12174
1991 9 259 24 2322 1313 2464 3019 2447 11848
1991 10 261 40 2402 1490 2597 3371 2757 12918
1991 11 249 39 2252 1454 2650 3376 2818 12838
1991 12 280 46 2412 1614 2813 3765 3265 14195
1992 1 272 43 2569 1602 3115 3982 3611 15194
1992 2 230 37 2234 1434 2522 3262 2897 12616
1992 3 266 30 2365 1478 2641 3356 2920 13056
1992 4 249 33 2242 1334 2607 3112 2679 12256
1992 5 255 34 2373 1496 2612 3269 2663 12702
1992 6 219 37 2246 1357 2506 3145 2578 12088
1992 7 222 41 2404 1366 2543 3015 2592 12183
1992 8 255 38 2363 1380 2397 3140 2572 12145
1992 9 221 18 2318 1289 2411 3115 2491 11863
1992 10 280 33 2401 1520 2670 3467 2751 13122
1992 11 245 32 2304 1400 2487 3320 2831 12619
1992 12 261 39 2584 1500 2810 3737 3218 14149
1993 1 263 48 2518 1496 2836 3759 3260 14180
1993 2 250 39 2294 1493 2876 3934 3499 14385
1993 3 283 37 2435 1547 2991 4160 3810 15263
1993 4 223 31 2287 1385 2567 3371 2887 12751
1993 5 241 43 2404 1335 2675 3381 2708 12787
1993 6 256 38 2346 1312 2424 3160 2710 12246
1993 7 216 52 2611 1448 2574 3346 2888 13135
1993 8 211 43 2364 1275 2494 3099 2506 11992
1993 9 197 49 2346 1275 2451 3011 2560 11889
1993 10 250 33 2488 1412 2606 3456 2982 13227
1993 11 256 32 2336 1436 2519 3330 2830 12739
1993 12 245 40 2512 1448 2700 3643 3208 13796
1994 1 234 40 2598 1549 2884 3893 3580 14778
1994 2 214 32 2073 1306 2534 3249 2971 12379
1994 3 234 43 2428 1412 2615 3408 3003 13143
1994 4 235 31 2439 1346 2562 3261 2787 12661
1994 5 251 47 2402 1382 2697 3191 2834 12804
1994 6 235 31 2415 1393 2459 3053 2603 12189
1994 7 224 39 2586 1275 2473 3134 2844 12575
1994 8 215 44 2472 1297 2482 3131 2726 12367
1994 9 204 39 2379 1289 2424 3063 2647 12045
1994 10 220 46 2502 1360 2574 3364 2988 13054
1994 11 192 31 2441 1264 2481 3212 2890 12511
1994 12 234 56 2620 1470 2846 3725 3578 14529
1995 1 227 30 2666 1455 3043 4097 3867 15385
1995 2 209 32 2246 1333 2465 3478 3237 13000
1995 3 207 49 2413 1422 2600 3499 3230 13420
1995 4 208 58 2316 1315 2445 3335 2982 12659
1995 5 199 37 2352 1357 2577 3371 2880 12773
1995 6 206 39 2342 1265 2245 3104 2702 11903
1995 7 208 45 2537 1321 2420 3197 2952 12680
1995 8 219 48 2363 1271 2342 3103 2840 12186
1995 9 175 41 2244 1204 2284 3024 2754 11726
1995 10 178 30 2327 1300 2488 3350 3038 12711
1995 11 199 42 2347 1311 2493 3425 3157 12974
1995 12 230 41 2508 1446 2699 3853 3548 14325
1996 1 226 41 2395 1462 2814 3840 3619 14397
1996 2 193 35 2167 1264 2439 3345 3066 12509
1996 3 198 30 2137 1326 2523 3463 3132 12809
1996 4 217 44 1990 1309 2336 3299 3086 12281
1996 5 168 49 2089 1263 2416 3351 2951 12287
1996 6 187 47 2040 1211 2336 3066 2666 11553
1996 7 176 45 2235 1251 2253 3159 2791 11910
1996 8 165 55 1989 1225 2231 3244 2809 11718
1996 9 174 30 1871 1241 2205 2957 2816 11294
1996 10 225 32 1973 1244 2448 3314 3192 12428
1996 11 184 37 1961 1274 2415 3356 3185 12412
1996 12 200 32 2279 1427 2872 4210 4147 15167
1997 1 207 39 1963 1359 2654 3994 3781 13997
1997 2 174 34 1664 1170 2263 3222 3179 11706
1997 3 183 39 1904 1259 2468 3484 3536 12873
1997 4 164 40 1743 1256 2313 3362 3160 12038
1997 5 177 46 1846 1217 2289 3322 3057 11954
1997 6 178 28 1729 1156 2278 3204 2748 11321
1997 7 170 40 1840 1191 2310 3045 2820 11416
1997 8 150 22 1725 1139 2130 3035 2794 10995
1997 9 161 31 1664 1156 2195 3058 2812 11077
1997 10 165 33 1762 1220 2247 3350 3147 11924
1997 11 147 24 1725 1186 2270 3302 3285 11939
1997 12 182 38 1896 1341 2515 3597 3598 13167
1998 1 193 32 1869 1348 2747 4028 4166 14383
1998 2 151 29 1592 1214 2230 3319 3504 12039
1998 3 171 34 1740 1254 2334 3414 3258 12205
1998 4 170 24 1616 1224 2173 3146 2921 11274
1998 5 159 31 1646 1092 2283 3185 2940 11336
1998 6 157 37 1669 1139 2154 3022 2929 11107
1998 7 177 31 1679 1280 2252 3144 2887 11450
1998 8 147 40 1672 1203 2155 3150 2842 11209
1998 9 150 24 1634 1152 2143 2989 2856 10948
1998 10 151 32 1687 1245 2326 3350 3304 12095
1998 11 165 30 1570 1225 2158 3361 3236 11745
1998 12 169 28 1786 1304 2321 3676 3588 12872
1999 1 198 34 1926 1494 2748 4534 4752 15686
1999 2 139 37 1571 1289 2259 3659 3733 12687
1999 3 158 36 1642 1337 2438 3546 3547 12704
1999 4 167 28 1627 1161 2154 3148 3159 11444
1999 5 168 30 1743 1235 2169 3284 3032 11661
1999 6 162 30 1678 1165 2067 2960 2835 10897
1999 7 170 36 1760 1247 2252 3246 3110 11821
1999 8 168 31 1662 1128 2059 3063 2936 11047
1999 9 157 28 1591 1125 2006 3028 2962 10897
1999 10 171 27 1700 1233 2175 3302 3265 11873
1999 11 125 34 1586 1189 2148 3262 3253 11597
1999 12 196 32 1818 1410 2419 3748 3863 13486
2000 1 197 32 1987 1516 2750 4390 4660 15532
2000 2 159 32 1648 1154 2118 3448 3580 12139
2000 3 144 28 1616 1231 2142 3288 3289 11738
2000 4 178 28 1616 1157 2066 3158 3153 11356
2000 5 146 29 1678 1262 2168 3309 3213 11805
2000 6 147 23 1669 1198 2048 3126 2984 11195
2000 7 156 33 1668 1123 2078 3106 3047 11211
2000 8 143 25 1731 1133 2084 3093 3027 11236
2000 9 167 36 1583 1131 1944 3026 3067 10954
2000 10 132 25 1628 1269 2136 3375 3459 12024
2000 11 141 32 1614 1210 2095 3584 3445 12121
2000 12 177 29 1768 1360 2291 3692 3868 13185
2001 1 160 29 1816 1395 2375 3790 4049 13614
2001 2 128 25 1614 1149 2012 3213 3532 11673
2001 3 135 20 1702 1228 2056 3483 3598 12222
2001 4 133 21 1649 1192 1998 3363 3387 11743
2001 5 159 32 1681 1232 2063 3306 3253 11726
2001 6 114 29 1658 1139 2061 3260 3212 11473
2001 7 138 23 1653 1220 1992 3113 3261 11400
2001 8 147 31 1677 1236 2006 3184 3138 11419
2001 9 137 19 4132 1410 1841 3022 3161 13722
2001 10 156 22 1730 1257 2093 3378 3589 12225
2001 11 159 46 1765 1247 2020 3239 3371 11847
2001 12 174 27 1787 1324 2166 3516 3582 12576
