year month d0 d10 d40 d60 d70 d80 d90 dtot
1979 1 27 4 98 129 241 374 350 1223
1979 2 18 7 77 131 194 344 279 1050
1979 3 27 6 107 118 198 311 252 1019
1979 4 17 3 97 117 196 293 244 967
1979 5 17 6 110 107 187 309 258 994
1979 6 14 2 106 108 197 272 247 946
1979 7 9 6 104 108 190 321 246 984
1979 8 12 3 84 101 210 300 252 962
1979 9 13 5 94 92 185 245 213 847
1979 10 20 3 117 92 185 296 236 949
1979 11 19 5 100 117 188 300 292 1021
1979 12 16 7 95 138 213 323 328 1120
1980 1 21 7 155 136 234 408 411 1372
1980 2 31 12 126 156 328 580 565 1798
1980 3 21 4 118 139 251 451 445 1429
1980 4 14 1 119 123 192 316 265 1030
1980 5 17 3 103 105 173 299 258 958
1980 6 8 0 97 93 187 268 214 867
1980 7 13 0 84 108 183 294 222 904
1980 8 16 3 106 101 201 271 221 919
1980 9 8 1 106 92 183 268 205 863
1980 10 14 4 88 99 208 301 246 960
1980 11 18 2 124 110 218 323 324 1119
1980 12 23 6 148 163 316 566 567 1789
1981 1 25 5 157 164 346 617 644 1958
1981 2 17 4 98 103 188 326 358 1094
1981 3 8 3 122 99 176 325 294 1027
1981 4 5 4 90 99 176 285 259 918
1981 5 17 2 88 114 188 294 238 941
1981 6 11 2 111 88 180 249 246 887
1981 7 15 3 98 110 178 255 264 923
1981 8 15 2 88 103 172 248 218 846
1981 9 8 4 91 76 146 239 239 803
1981 10 18 2 130 99 191 334 337 1111
1981 11 13 3 109 122 183 293 275 998
1981 12 12 3 102 111 176 315 303 1022
1982 1 16 2 116 98 215 340 329 1116
1982 2 16 3 126 106 179 327 310 1067
1982 3 15 0 133 112 235 353 345 1193
1982 4 21 5 95 100 172 325 311 1029
1982 5 12 7 91 105 166 267 250 898
1982 6 12 4 106 79 148 263 212 824
1982 7 11 2 107 103 171 272 301 967
1982 8 7 4 93 107 158 286 225 880
1982 9 13 6 108 98 146 265 242 878
1982 10 7 7 96 105 202 268 276 961
1982 11 10 1 104 81 176 250 269 891
1982 12 14 1 96 82 184 320 309 1006
1983 1 17 3 149 103 213 331 414 1230
1983 2 10 2 106 117 189 349 428 1201
1983 3 15 5 123 98 202 381 368 1192
1983 4 8 4 114 92 196 333 359 1106
1983 5 13 2 112 100 175 283 287 972
1983 6 11 1 84 102 203 286 233 920
1983 7 13 4 100 97 163 288 272 937
1983 8 12 3 116 103 173 271 277 955
1983 9 11 0 99 86 209 265 257 927
1983 10 11 5 115 96 167 294 295 983
1983 11 14 3 136 101 183 332 319 1088
1983 12 17 4 145 117 208 329 353 1173
1984 1 20 5 153 134 229 393 414 1348
1984 2 5 2 134 120 196 350 416 1223
1984 3 16 4 156 114 262 365 373 1290
1984 4 12 2 129 102 187 349 380 1161
1984 5 9 4 125 85 173 336 335 1067
1984 6 8 1 104 85 175 315 312 1000
1984 7 13 4 138 79 171 304 266 975
1984 8 9 5 135 87 164 301 306 1007
1984 9 14 0 154 111 160 267 267 973
1984 10 10 5 128 104 184 308 338 1077
1984 11 18 3 142 109 194 301 294 1061
1984 12 13 3 172 96 220 385 392 1281
1985 1 19 5 202 180 321 520 600 1847
1985 2 17 3 166 121 248 476 558 1589
1985 3 12 5 163 129 227 392 386 1314
1985 4 15 1 142 107 177 337 336 1115
1985 5 11 3 132 93 162 278 317 996
1985 6 8 4 141 93 161 270 285 962
1985 7 10 3 143 96 158 295 319 1024
1985 8 12 3 145 76 198 292 252 978
1985 9 11 3 140 90 161 277 267 949
1985 10 13 2 158 97 180 359 322 1131
1985 11 10 5 169 101 196 315 352 1148
1985 12 8 5 159 116 196 353 471 1308
1986 1 15 3 194 107 223 408 527 1477
1986 2 10 2 197 126 249 449 478 1511
1986 3 18 5 182 113 241 471 541 1571
1986 4 11 3 145 112 202 351 427 1251
1986 5 15 2 158 96 183 335 362 1151
1986 6 6 4 167 109 160 279 300 1025
1986 7 17 1 168 95 166 241 276 964
1986 8 13 2 150 86 163 283 296 993
1986 9 11 3 150 104 169 302 268 1007
1986 10 11 3 174 116 152 307 311 1074
1986 11 15 1 178 98 177 328 338 1135
1986 12 16 6 201 117 202 377 445 1364
1987 1 15 2 220 119 235 413 477 1481
1987 2 7 4 173 88 179 358 436 1245
1987 3 16 3 200 98 215 342 414 1288
1987 4 6 3 153 82 153 314 367 1078
1987 5 13 2 175 113 183 361 359 1206
1987 6 9 3 156 105 184 302 358 1117
1987 7 9 2 177 117 174 314 321 1114
1987 8 11 2 163 83 160 320 346 1085
1987 9 18 1 154 90 167 281 331 1042
1987 10 14 2 195 96 196 358 403 1264
1987 11 9 1 172 100 187 362 377 1208
1987 12 11 2 217 94 181 314 392 1211
1988 1 11 3 243 104 224 408 535 1528
1988 2 18 2 234 112 220 388 487 1461
1988 3 21 1 229 129 258 474 604 1716
1988 4 19 0 218 87 168 399 445 1336
1988 5 14 2 155 72 221 312 374 1150
1988 6 14 3 184 85 167 302 348 1103
1988 7 15 6 184 99 158 309 302 1073
1988 8 10 0 202 81 164 301 349 1107
1988 9 15 1 187 91 168 335 305 1102
1988 10 12 1 189 89 203 322 438 1254
1988 11 12 6 207 78 203 361 393 1260
1988 12 20 1 222 99 185 384 468 1379
1989 1 17 3 238 105 236 422 501 1522
1989 2 16 2 206 122 220 407 484 1457
1989 3 8 2 221 119 259 428 519 1556
1989 4 10 0 179 110 215 361 444 1319
1989 5 8 2 204 87 175 347 352 1175
1989 6 10 2 170 79 174 309 301 1045
1989 7 18 1 196 76 204 264 323 1082
1989 8 10 1 192 99 181 321 302 1106
1989 9 12 1 202 81 179 310 364 1149
1989 10 11 1 211 78 176 322 394 1193
1989 11 12 3 181 100 196 345 400 1237
1989 12 25 5 235 125 218 432 507 1547
1990 1 18 6 251 150 312 550 799 2086
1990 2 13 4 197 104 232 468 546 1564
1990 3 11 6 206 79 221 433 519 1475
1990 4 10 2 184 83 213 360 411 1263
1990 5 14 5 210 94 170 322 359 1174
1990 6 11 2 160 73 195 335 344 1120
1990 7 14 2 218 69 169 335 336 1143
1990 8 20 1 213 89 173 307 337 1140
1990 9 11 4 170 80 162 271 340 1038
1990 10 15 1 196 79 174 340 391 1196
1990 11 11 6 196 95 188 321 382 1199
1990 12 15 2 214 94 223 401 473 1422
1991 1 22 6 247 113 239 454 599 1680
1991 2 16 0 208 87 184 373 444 1312
1991 3 11 1 191 83 192 359 380 1217
1991 4 11 2 198 90 178 344 425 1248
1991 5 7 1 177 87 188 279 393 1132
1991 6 9 3 177 80 181 316 327 1093
1991 7 7 1 194 71 150 298 370 1091
1991 8 15 3 168 86 169 320 332 1093
1991 9 12 1 160 80 155 273 320 1001
1991 10 6 1 213 78 175 304 363 1140
1991 11 11 3 202 82 158 310 376 1142
1991 12 15 4 240 95 209 395 482 1440
1992 1 21 6 259 115 299 520 643 1863
1992 2 11 5 171 73 165 364 466 1255
1992 3 12 2 189 76 174 371 425 1249
1992 4 14 0 176 68 168 274 359 1059
1992 5 15 4 176 89 175 278 333 1070
1992 6 12 2 170 77 166 257 327 1011
1992 7 7 6 176 58 152 273 307 979
1992 8 6 5 145 47 142 248 299 892
1992 9 8 1 163 71 161 239 289 932
1992 10 11 2 147 73 183 316 324 1056
1992 11 7 2 177 62 154 305 351 1058
1992 12 10 5 183 85 177 342 394 1196
1993 1 17 2 217 78 188 364 461 1327
1993 2 12 2 232 101 196 471 568 1582
1993 3 15 4 211 104 268 512 667 1781
1993 4 12 3 165 76 172 312 391 1131
1993 5 4 3 160 61 154 304 341 1027
1993 6 9 3 154 62 140 288 317 973
1993 7 11 0 168 70 144 277 339 1009
1993 8 6 2 158 55 149 267 311 948
1993 9 10 7 149 45 141 268 292 912
1993 10 9 3 182 79 178 332 402 1185
1993 11 13 2 170 82 147 304 360 1078
1993 12 16 5 209 95 186 339 413 1263
1994 1 14 5 246 87 183 404 569 1508
1994 2 10 3 189 73 182 317 483 1257
1994 3 9 7 213 76 158 338 398 1199
1994 4 12 4 202 79 167 319 362 1145
1994 5 14 2 183 77 170 308 341 1095
1994 6 7 2 196 65 155 259 322 1006
1994 7 7 3 161 49 125 239 317 901
1994 8 6 5 172 70 163 252 315 983
1994 9 11 1 189 65 142 261 334 1003
1994 10 13 2 178 72 150 270 371 1056
1994 11 6 2 163 71 161 270 352 1025
1994 12 15 3 209 90 195 361 457 1330
1995 1 14 5 264 91 278 496 651 1799
1995 2 5 4 203 96 181 389 468 1346
1995 3 11 2 197 79 176 335 478 1278
1995 4 14 2 167 78 144 322 383 1110
1995 5 6 2 171 67 146 274 367 1033
1995 6 16 6 171 53 130 239 282 897
1995 7 7 3 176 53 119 251 331 940
1995 8 9 4 168 69 112 245 308 915
1995 9 7 4 159 53 130 231 304 888
1995 10 8 4 176 62 162 313 384 1109
1995 11 2 3 177 76 165 293 419 1135
1995 12 14 1 193 78 163 369 449 1267
1996 1 14 4 207 96 203 401 527 1452
1996 2 11 4 188 83 141 325 399 1151
1996 3 12 3 150 71 167 342 413 1158
1996 4 12 2 148 70 168 294 396 1090
1996 5 7 2 136 57 127 266 321 916
1996 6 7 1 151 76 130 247 274 886
1996 7 6 1 139 51 135 265 325 922
1996 8 6 3 119 56 119 254 342 899
1996 9 4 3 91 60 152 267 323 900
1996 10 11 3 140 67 136 278 351 986
1996 11 8 3 130 67 134 289 373 1004
1996 12 12 7 228 113 247 514 680 1801
1997 1 10 5 142 89 222 460 593 1521
1997 2 11 4 135 60 157 335 428 1130
1997 3 12 2 151 69 176 329 504 1243
1997 4 5 3 112 64 156 287 424 1051
1997 5 6 0 113 70 147 271 386 993
1997 6 6 3 105 55 129 253 298 849
1997 7 4 1 103 50 118 247 296 819
1997 8 1 0 112 68 130 287 306 904
1997 9 4 5 88 65 145 260 331 898
1997 10 5 3 89 59 125 293 358 932
1997 11 4 0 109 55 144 281 360 953
1997 12 10 2 146 84 159 340 511 1252
1998 1 10 2 155 91 244 508 712 1722
1998 2 10 3 106 80 183 345 566 1293
1998 3 7 1 109 83 178 351 464 1193
1998 4 10 3 96 65 130 301 338 943
1998 5 6 3 86 65 123 266 342 891
1998 6 7 1 107 45 127 242 373 902
1998 7 4 2 98 74 129 249 341 897
1998 8 5 2 96 56 130 280 333 902
1998 9 4 0 86 57 125 278 349 899
1998 10 6 3 87 56 152 309 396 1009
1998 11 11 0 86 58 132 304 420 1011
1998 12 14 0 132 53 141 351 457 1148
1999 1 11 2 170 99 241 595 811 1929
1999 2 8 4 127 88 200 478 685 1590
1999 3 5 0 129 91 196 443 525 1389
1999 4 11 5 118 59 168 315 429 1105
1999 5 6 0 110 52 128 326 387 1009
1999 6 7 1 107 63 126 251 355 910
1999 7 7 1 96 53 130 263 365 915
1999 8 1 0 62 38 129 270 327 827
1999 9 4 2 85 55 109 277 339 871
1999 10 5 1 100 57 135 301 381 980
1999 11 5 0 98 67 136 316 425 1047
1999 12 6 6 114 83 159 364 540 1272
2000 1 7 2 167 118 266 582 796 1938
2000 2 9 2 112 76 186 399 535 1319
2000 3 3 2 97 66 147 326 412 1053
2000 4 8 4 97 59 140 296 382 986
2000 5 5 2 95 61 150 295 428 1036
2000 6 3 1 98 64 150 285 371 972
2000 7 4 1 84 65 112 309 402 977
2000 8 2 0 96 59 143 309 368 977
2000 9 3 2 65 57 119 270 361 877
2000 10 6 3 111 68 138 330 408 1064
2000 11 6 2 94 87 136 329 475 1129
2000 12 9 6 90 77 176 370 514 1242
2001 1 5 1 132 94 189 419 583 1423
2001 2 6 0 116 80 161 350 539 1252
2001 3 7 0 141 67 143 317 455 1130
2001 4 2 1 115 83 140 312 403 1056
2001 5 6 1 90 77 150 300 394 1018
2001 6 5 3 85 61 144 319 401 1018
2001 7 3 0 87 60 135 255 384 924
2001 8 0 1 79 58 97 277 379 891
2001 9 3 0 102 65 88 254 337 849
2001 10 5 2 101 55 121 343 475 1102
2001 11 4 2 93 58 108 291 447 1003
2001 12 6 1 117 78 129 328 512 1171
