year month d0 d10 d40 d60 d70 d80 d90 dtot
1979 1 16 2 29 35 72 138 151 443
1979 2 10 3 21 30 59 124 112 359
1979 3 15 3 35 32 68 105 90 348
1979 4 8 0 28 37 57 105 115 350
1979 5 5 2 39 41 40 105 105 337
1979 6 5 0 32 26 60 105 97 325
1979 7 5 1 30 30 54 111 92 323
1979 8 4 2 24 35 52 116 98 331
1979 9 10 2 32 22 53 88 98 305
1979 10 9 1 44 22 45 122 105 348
1979 11 13 3 24 31 59 120 116 366
1979 12 11 2 33 48 74 124 132 424
1980 1 11 2 57 51 88 152 210 571
1980 2 19 6 44 47 140 278 262 796
1980 3 8 1 52 39 75 175 191 541
1980 4 8 0 43 29 60 118 114 372
1980 5 10 1 30 36 56 99 102 334
1980 6 2 0 31 32 47 93 95 300
1980 7 4 0 16 37 52 100 108 317
1980 8 5 1 32 28 64 99 94 323
1980 9 4 0 24 27 52 90 86 283
1980 10 6 0 19 29 71 103 110 338
1980 11 11 2 33 30 76 133 144 429
1980 12 10 1 68 65 131 235 260 770
1981 1 8 2 61 64 135 265 321 856
1981 2 6 1 32 25 70 134 156 424
1981 3 6 0 39 27 53 119 116 360
1981 4 2 1 25 26 51 100 111 316
1981 5 8 0 25 23 50 102 98 306
1981 6 5 0 39 25 51 89 95 304
1981 7 10 1 23 24 57 74 118 307
1981 8 4 1 29 31 48 89 91 293
1981 9 1 0 34 18 50 84 98 285
1981 10 11 0 43 35 71 106 155 421
1981 11 3 2 31 26 61 95 117 335
1981 12 6 0 40 32 63 110 145 396
1982 1 7 1 41 24 65 131 146 415
1982 2 7 0 32 30 63 128 125 385
1982 3 8 0 48 32 73 127 148 436
1982 4 5 2 31 31 56 130 140 395
1982 5 3 3 24 29 44 90 103 296
1982 6 4 2 32 21 49 100 81 289
1982 7 7 1 34 27 54 102 113 338
1982 8 2 1 33 29 43 107 89 304
1982 9 5 0 33 31 46 102 96 313
1982 10 3 3 23 31 65 107 118 350
1982 11 5 0 29 23 57 81 114 309
1982 12 8 0 28 24 63 112 136 371
1983 1 10 0 41 29 71 135 180 466
1983 2 5 0 42 32 51 127 195 452
1983 3 7 0 47 26 64 154 169 467
1983 4 1 3 38 22 65 149 156 434
1983 5 5 0 31 21 50 88 117 312
1983 6 5 0 29 33 58 114 104 343
1983 7 4 1 27 25 45 106 116 324
1983 8 5 0 30 26 66 93 113 333
1983 9 5 0 33 22 51 88 99 298
1983 10 5 2 30 26 48 111 128 350
1983 11 5 0 46 25 56 139 148 419
1983 12 7 2 41 36 74 119 158 437
1984 1 8 1 66 47 69 170 184 545
1984 2 2 0 48 34 67 154 192 497
1984 3 7 1 61 35 89 144 170 507
1984 4 7 0 48 33 60 147 182 477
1984 5 2 1 49 30 41 116 152 391
1984 6 3 0 35 27 52 111 133 361
1984 7 6 2 43 18 66 118 117 370
1984 8 5 3 45 25 52 97 137 364
1984 9 6 0 48 32 54 97 133 370
1984 10 4 1 33 29 51 126 161 405
1984 11 13 2 47 38 57 116 135 408
1984 12 9 2 57 30 79 161 203 541
1985 1 9 3 75 61 132 222 313 815
1985 2 9 1 58 43 82 183 281 657
1985 3 7 1 58 38 74 166 165 509
1985 4 9 0 50 33 64 142 155 453
1985 5 4 0 42 25 41 107 136 355
1985 6 5 2 31 32 49 111 129 359
1985 7 4 1 42 28 51 120 161 407
1985 8 3 1 40 18 67 102 120 351
1985 9 3 2 43 27 40 105 123 343
1985 10 7 1 58 27 64 141 150 448
1985 11 5 1 55 32 64 126 165 448
1985 12 4 3 60 40 81 139 240 567
1986 1 6 2 70 35 82 180 237 612
1986 2 7 1 69 40 81 196 220 614
1986 3 11 2 56 42 92 195 264 662
1986 4 5 1 55 43 63 150 186 503
1986 5 7 0 52 34 56 131 169 449
1986 6 3 0 45 27 50 105 153 383
1986 7 8 0 70 24 61 111 139 413
1986 8 7 0 61 31 59 108 138 404
1986 9 2 1 45 32 56 115 119 370
1986 10 4 1 55 37 58 135 156 446
1986 11 5 0 50 37 54 127 149 422
1986 12 12 2 74 34 73 166 214 575
1987 1 11 0 74 35 94 175 244 633
1987 2 4 2 58 28 66 155 216 529
1987 3 6 0 72 35 72 154 187 526
1987 4 3 2 48 25 42 137 169 426
1987 5 5 0 50 34 61 146 167 463
1987 6 2 1 45 24 66 115 161 414
1987 7 3 0 54 34 67 117 168 443
1987 8 5 0 47 18 55 126 174 425
1987 9 7 0 42 25 50 111 148 383
1987 10 6 2 70 34 73 130 208 523
1987 11 4 1 51 32 60 137 183 468
1987 12 5 1 72 31 60 113 181 463
1988 1 4 0 70 27 87 163 264 615
1988 2 10 0 80 41 66 155 247 599
1988 3 9 1 83 49 79 209 311 741
1988 4 10 0 66 30 58 169 232 565
1988 5 10 1 42 28 72 124 194 471
1988 6 8 2 51 24 49 123 163 420
1988 7 7 2 66 34 40 120 140 409
1988 8 5 0 56 29 60 131 164 445
1988 9 6 1 59 36 59 135 152 448
1988 10 5 0 55 20 69 124 221 494
1988 11 6 3 68 29 70 164 201 541
1988 12 7 0 67 43 64 161 248 590
1989 1 8 1 63 34 83 164 252 605
1989 2 6 0 59 42 80 166 238 591
1989 3 5 0 58 28 88 186 237 602
1989 4 6 0 42 30 71 168 206 523
1989 5 3 0 68 27 62 145 178 483
1989 6 3 1 45 28 67 119 146 409
1989 7 6 1 58 40 65 114 161 445
1989 8 3 0 50 33 57 143 137 423
1989 9 3 0 57 28 61 115 175 439
1989 10 5 0 56 25 51 130 187 454
1989 11 7 0 47 29 74 141 193 491
1989 12 11 1 86 43 77 187 251 656
1990 1 11 2 72 53 121 273 419 951
1990 2 9 2 63 28 92 210 306 710
1990 3 4 2 65 31 89 201 263 655
1990 4 4 0 68 26 69 163 183 513
1990 5 5 2 50 27 72 150 189 495
1990 6 6 2 43 20 73 136 182 462
1990 7 7 0 68 27 50 142 166 460
1990 8 8 0 56 22 50 116 168 420
1990 9 5 1 46 29 61 121 172 435
1990 10 8 0 41 26 60 145 185 465
1990 11 4 1 55 33 71 142 189 495
1990 12 7 1 65 32 78 192 247 622
1991 1 16 0 75 43 80 191 291 696
1991 2 4 0 46 23 68 159 228 528
1991 3 5 0 47 29 65 156 188 490
1991 4 4 0 47 31 68 139 208 497
1991 5 5 1 47 32 61 129 197 472
1991 6 1 0 42 25 66 129 161 424
1991 7 1 0 48 24 52 114 186 425
1991 8 4 1 49 31 62 123 156 426
1991 9 3 0 34 20 56 118 162 393
1991 10 3 1 52 20 57 135 162 430
1991 11 2 1 51 23 47 131 173 428
1991 12 8 1 59 24 78 176 246 592
1992 1 8 3 70 37 113 203 350 784
1992 2 6 1 36 26 61 154 223 507
1992 3 6 1 48 26 62 152 200 495
1992 4 6 0 41 12 64 119 174 416
1992 5 10 0 39 25 61 111 160 406
1992 6 4 0 33 30 52 108 151 378
1992 7 3 1 30 17 57 97 149 354
1992 8 4 1 33 14 44 103 149 348
1992 9 3 1 31 24 53 95 146 353
1992 10 6 0 26 16 65 126 148 387
1992 11 3 1 47 18 58 129 180 436
1992 12 4 3 35 24 79 161 192 498
1993 1 7 0 43 27 81 148 244 550
1993 2 5 0 69 39 84 221 330 748
1993 3 7 2 54 38 99 221 371 792
1993 4 6 0 50 27 60 120 192 455
1993 5 3 0 42 15 52 136 161 409
1993 6 3 1 34 23 41 119 156 377
1993 7 4 0 42 24 46 116 174 406
1993 8 3 2 30 22 48 102 155 362
1993 9 1 2 30 10 50 122 142 357
1993 10 5 1 44 23 75 160 209 517
1993 11 7 0 29 21 40 133 176 406
1993 12 9 1 61 36 68 139 218 532
1994 1 4 2 64 24 80 170 289 633
1994 2 3 0 43 20 71 123 246 506
1994 3 5 3 33 23 55 138 191 448
1994 4 3 0 39 23 60 127 185 437
1994 5 6 1 31 27 54 129 178 426
1994 6 5 0 21 15 55 116 162 374
1994 7 4 1 27 16 41 80 153 322
1994 8 1 0 33 19 54 101 167 375
1994 9 4 0 30 19 45 114 166 378
1994 10 4 0 34 30 47 107 198 420
1994 11 5 0 30 28 50 117 176 406
1994 12 11 2 49 34 74 158 238 566
1995 1 7 0 73 32 108 229 330 779
1995 2 2 2 39 35 76 160 238 552
1995 3 4 0 42 23 71 131 239 510
1995 4 7 2 27 30 50 123 206 445
1995 5 1 1 39 23 53 101 184 402
1995 6 4 1 35 19 44 116 141 360
1995 7 2 0 22 11 41 101 165 342
1995 8 2 0 29 19 49 101 164 364
1995 9 1 2 33 14 53 102 156 361
1995 10 5 0 23 17 60 154 188 447
1995 11 1 0 40 24 65 128 213 471
1995 12 5 0 45 23 55 173 256 557
1996 1 10 1 51 34 89 171 276 632
1996 2 5 0 31 39 51 124 212 462
1996 3 9 0 30 24 60 168 241 532
1996 4 5 0 32 26 64 139 211 477
1996 5 3 0 31 24 47 117 153 375
1996 6 3 0 27 25 57 109 147 368
1996 7 1 0 31 10 41 100 160 343
1996 8 2 0 17 20 43 116 179 377
1996 9 1 0 25 21 48 101 167 363
1996 10 9 0 34 29 54 117 179 422
1996 11 4 0 33 27 62 128 200 454
1996 12 6 3 64 42 110 245 383 853
1997 1 1 3 48 29 88 196 323 688
1997 2 9 0 41 26 52 148 229 505
1997 3 4 1 41 25 56 150 267 544
1997 4 3 3 21 25 64 129 209 454
1997 5 1 0 31 27 56 110 188 413
1997 6 3 0 19 19 42 116 158 357
1997 7 3 0 25 14 43 112 158 355
1997 8 0 0 24 18 39 122 151 354
1997 9 2 3 20 24 63 118 177 407
1997 10 2 0 17 21 46 128 206 420
1997 11 3 0 28 23 63 122 195 434
1997 12 4 1 43 36 57 155 277 573
1998 1 3 1 50 36 95 244 379 808
1998 2 6 1 24 28 71 147 314 591
1998 3 2 1 29 25 66 153 253 529
1998 4 7 0 27 16 50 131 176 407
1998 5 1 0 27 22 50 107 183 390
1998 6 4 0 29 13 49 100 180 375
1998 7 1 1 25 22 44 97 178 368
1998 8 3 0 21 23 47 120 181 395
1998 9 3 0 15 25 45 125 186 399
1998 10 4 1 22 22 70 134 198 451
1998 11 3 0 20 23 52 136 217 451
1998 12 10 0 33 25 64 172 252 556
1999 1 7 1 38 26 79 236 368 755
1999 2 2 2 31 26 69 174 313 617
1999 3 2 0 20 20 54 148 224 468
1999 4 4 0 17 17 54 99 186 377
1999 5 2 0 19 8 39 117 169 354
1999 6 3 0 24 11 35 76 151 300
1999 7 3 0 13 12 44 83 147 302
1999 8 1 0 12 3 41 89 147 293
1999 9 1 1 16 15 38 101 143 315
1999 10 3 0 21 17 46 111 163 361
1999 11 2 0 21 25 39 106 183 376
1999 12 4 2 30 30 59 125 234 484
2000 1 1 1 42 34 95 211 366 750
2000 2 4 1 24 19 51 134 233 466
2000 3 2 0 19 19 42 113 166 361
2000 4 2 0 27 19 35 103 153 339
2000 5 4 0 17 19 40 110 154 344
2000 6 2 0 21 21 44 96 155 339
2000 7 2 0 19 15 34 104 180 354
2000 8 0 0 23 17 47 104 145 336
2000 9 2 1 19 19 36 83 150 310
2000 10 2 1 14 21 50 118 162 368
2000 11 2 0 18 25 44 106 202 397
2000 12 3 2 19 20 60 135 231 470
2001 1 2 1 32 22 58 156 265 536
2001 2 2 0 29 19 43 128 220 441
2001 3 2 0 32 24 50 111 202 421
2001 4 1 0 23 21 46 120 183 394
2001 5 3 0 13 19 42 100 152 329
2001 6 2 0 17 14 43 103 167 346
2001 7 3 0 25 25 46 80 175 354
2001 8 0 0 16 19 32 108 170 345
2001 9 2 0 22 16 31 85 149 305
2001 10 2 2 25 17 37 140 197 420
2001 11 3 0 22 12 44 102 194 377
2001 12 2 1 22 27 37 105 235 429
