year month d0 d10 d40 d60 d70 d80 d90 dtot
1979 1 5 3 14 6 16 48 62 154
1979 2 3 4 4 6 19 24 44 104
1979 3 2 0 6 2 11 10 21 52
1979 4 3 0 1 2 6 16 19 47
1979 5 0 0 0 0 4 9 7 20
1979 6 0 1 2 0 3 7 9 22
1979 7 0 0 1 0 2 6 5 14
1979 8 0 0 0 2 3 5 8 18
1979 9 1 0 0 0 3 6 11 21
1979 10 0 0 1 2 2 8 12 25
1979 11 1 0 0 7 6 11 21 46
1979 12 2 0 4 1 9 19 46 81
1980 1 4 0 8 8 27 71 112 230
1980 2 6 4 28 22 83 234 380 757
1980 3 3 3 15 26 91 246 402 786
1980 4 0 2 4 7 11 36 60 120
1980 5 1 0 0 2 5 8 3 19
1980 6 1 0 0 2 2 4 6 15
1980 7 0 0 0 2 4 8 2 16
1980 8 0 0 0 1 0 2 2 5
1980 9 0 0 1 0 4 7 16 28
1980 10 2 0 1 2 3 19 23 50
1980 11 1 1 4 0 9 20 18 53
1980 12 6 0 26 39 82 206 264 623
1981 1 13 5 61 102 267 612 900 1960
1981 2 3 6 25 30 73 203 329 669
1981 3 0 1 8 6 19 44 43 121
1981 4 1 0 3 1 8 16 15 44
1981 5 1 0 2 0 1 9 8 21
1981 6 1 0 2 0 2 1 7 13
1981 7 1 0 2 0 3 5 4 15
1981 8 1 0 1 0 2 3 1 8
1981 9 0 0 1 0 4 8 7 20
1981 10 0 0 4 2 9 13 20 48
1981 11 0 0 4 1 5 9 12 31
1981 12 0 0 3 5 6 16 26 56
1982 1 5 1 3 3 7 20 44 83
1982 2 1 0 8 5 8 19 39 80
1982 3 2 3 8 9 25 54 70 171
1982 4 2 0 6 6 13 26 68 121
1982 5 0 0 4 3 8 15 23 53
1982 6 0 0 1 0 2 5 9 17
1982 7 0 0 0 1 1 5 5 12
1982 8 0 0 1 1 1 4 8 15
1982 9 0 1 1 1 2 7 9 21
1982 10 0 0 2 3 5 8 14 32
1982 11 1 0 1 6 3 9 11 31
1982 12 1 0 4 2 11 26 48 92
1983 1 1 0 7 10 38 89 154 299
1983 2 3 1 21 18 51 129 220 443
1983 3 4 1 7 11 40 91 164 318
1983 4 3 0 5 8 13 25 62 116
1983 5 0 0 1 1 13 9 20 44
1983 6 0 0 1 1 5 6 10 23
1983 7 0 0 3 0 2 4 7 16
1983 8 1 0 0 1 2 4 8 16
1983 9 0 0 0 3 1 7 11 22
1983 10 1 0 1 1 5 7 13 28
1983 11 0 0 0 2 6 11 18 37
1983 12 1 1 3 11 7 18 28 69
1984 1 2 2 2 1 9 28 46 90
1984 2 3 4 18 17 41 101 145 329
1984 3 3 0 11 11 39 107 143 314
1984 4 0 2 8 10 19 41 66 146
1984 5 1 0 1 0 2 16 15 35
1984 6 0 1 0 1 1 4 7 14
1984 7 0 0 1 0 0 2 3 6
1984 8 0 0 2 0 0 3 3 8
1984 9 0 1 1 1 2 3 8 16
1984 10 0 1 3 1 1 4 10 20
1984 11 0 0 1 2 6 10 19 38
1984 12 1 0 5 5 6 25 39 81
1985 1 4 1 17 18 45 122 265 472
1985 2 4 4 26 45 110 298 539 1026
1985 3 3 0 6 20 33 89 138 289
1985 4 0 1 2 2 7 17 37 66
1985 5 0 0 1 0 2 7 13 23
1985 6 0 0 1 0 1 4 5 11
1985 7 0 0 0 0 2 1 3 6
1985 8 1 0 0 0 2 3 1 7
1985 9 0 0 2 1 0 3 7 13
1985 10 0 0 1 0 3 15 13 32
1985 11 0 1 2 2 4 15 17 41
1985 12 1 0 3 2 5 25 30 66
1986 1 4 4 11 4 24 66 121 234
1986 2 2 4 37 30 78 248 396 795
1986 3 4 2 18 15 50 146 247 482
1986 4 1 1 0 1 9 23 34 69
1986 5 0 0 3 1 4 3 8 19
1986 6 1 0 0 0 0 3 6 10
1986 7 0 0 0 0 3 2 5 10
1986 8 0 0 0 1 3 2 7 13
1986 9 0 0 1 0 3 6 10 20
1986 10 1 0 3 1 5 13 18 41
1986 11 1 1 3 1 3 8 17 34
1986 12 1 2 4 3 27 25 50 112
1987 1 4 1 13 14 25 56 127 240
1987 2 2 0 11 9 14 30 55 121
1987 3 0 0 7 1 8 13 30 59
1987 4 1 0 3 2 2 2 11 21
1987 5 0 0 0 2 2 4 7 15
1987 6 0 0 0 1 1 2 3 7
1987 7 0 0 0 0 0 5 5 10
1987 8 2 0 0 2 2 2 1 9
1987 9 0 0 3 2 0 1 13 19
1987 10 1 0 2 0 2 8 19 32
1987 11 3 0 2 1 6 7 15 34
1987 12 1 0 6 3 3 25 28 66
1988 1 1 1 6 5 23 75 124 235
1988 2 7 2 29 20 60 205 395 718
1988 3 3 2 15 17 60 189 344 630
1988 4 2 0 7 3 18 40 74 144
1988 5 1 0 2 2 3 6 8 22
1988 6 0 0 1 0 2 4 6 13
1988 7 0 0 0 0 2 2 8 12
1988 8 0 0 1 1 1 1 7 11
1988 9 0 0 0 2 2 4 7 15
1988 10 0 0 0 2 8 7 9 26
1988 11 0 0 2 2 4 12 17 37
1988 12 1 0 4 5 9 21 40 80
1989 1 3 4 12 10 25 71 144 269
1989 2 5 8 31 28 63 159 295 589
1989 3 7 1 22 16 32 85 161 324
1989 4 1 0 3 2 5 13 31 55
1989 5 1 0 3 1 4 3 11 23
1989 6 0 0 2 1 0 1 2 6
1989 7 0 0 1 0 3 3 3 10
1989 8 0 0 0 0 1 5 2 8
1989 9 0 0 2 0 1 3 6 12
1989 10 3 0 1 2 3 11 13 33
1989 11 0 0 5 0 2 15 16 38
1989 12 0 1 12 12 33 63 107 228
1990 1 4 6 29 53 136 355 588 1171
1990 2 5 2 20 22 76 169 313 607
1990 3 2 0 2 7 17 43 61 132
1990 4 2 0 0 5 4 13 16 40
1990 5 0 1 1 0 2 1 4 9
1990 6 1 0 0 1 1 3 4 10
1990 7 0 0 1 1 0 4 4 10
1990 8 0 1 0 0 1 1 3 6
1990 9 1 0 1 1 0 2 5 10
1990 10 0 1 1 1 2 6 8 19
1990 11 0 1 2 3 2 8 15 31
1990 12 2 0 2 2 6 20 23 55
1991 1 2 2 8 5 12 27 57 113
1991 2 4 3 8 3 17 39 79 153
1991 3 7 2 7 8 10 38 52 124
1991 4 2 0 7 1 3 15 18 46
1991 5 3 0 1 1 3 1 7 16
1991 6 0 0 3 0 1 2 2 8
1991 7 1 0 1 0 1 0 1 4
1991 8 1 0 2 0 1 0 3 7
1991 9 0 0 1 0 1 3 4 9
1991 10 2 0 1 4 7 4 10 28
1991 11 3 0 12 7 9 22 35 88
1991 12 6 4 21 25 72 140 273 541
1992 1 4 5 26 28 80 193 367 703
1992 2 4 0 11 4 15 32 40 106
1992 3 1 0 1 0 5 9 14 30
1992 4 1 0 3 0 1 5 15 25
1992 5 1 0 1 2 1 1 1 7
1992 6 0 0 1 0 0 1 1 3
1992 7 0 0 0 0 1 3 4 8
1992 8 0 0 1 0 1 1 2 5
1992 9 0 0 2 1 1 5 3 12
1992 10 0 0 1 2 3 2 6 14
1992 11 1 0 2 2 2 13 12 32
1992 12 2 0 3 5 10 14 27 61
1993 1 1 2 7 4 12 22 53 101
1993 2 7 5 11 12 18 35 94 182
1993 3 8 1 14 15 32 75 165 310
1993 4 0 0 4 0 7 22 42 75
1993 5 1 0 1 0 1 4 9 16
1993 6 0 0 2 1 2 0 1 6
1993 7 0 0 0 0 0 0 3 3
1993 8 2 0 0 0 0 2 2 6
1993 9 0 1 1 2 1 2 4 11
1993 10 1 0 1 2 4 11 8 27
1993 11 1 2 5 2 7 5 13 35
1993 12 3 2 11 8 30 80 139 273
1994 1 4 0 44 47 114 267 471 947
1994 2 4 2 9 2 15 41 61 134
1994 3 1 0 0 1 2 8 11 23
1994 4 1 1 2 0 1 3 10 18
1994 5 0 0 1 0 1 1 0 3
1994 6 1 0 0 0 2 2 4 9
1994 7 0 0 0 0 1 0 2 3
1994 8 1 0 0 1 0 0 3 5
1994 9 1 0 1 2 1 2 2 9
1994 10 0 0 1 2 2 3 5 13
1994 11 0 0 2 2 1 4 17 26
1994 12 0 0 5 3 7 12 12 39
1995 1 1 0 3 3 12 18 42 79
1995 2 1 0 6 8 15 34 62 126
1995 3 3 1 9 6 18 34 84 155
1995 4 2 2 3 2 5 4 6 24
1995 5 0 1 2 0 2 1 5 11
1995 6 2 0 0 0 0 0 1 3
1995 7 0 0 1 0 0 0 0 1
1995 8 0 0 0 0 1 1 2 4
1995 9 0 0 0 0 1 2 5 8
1995 10 1 0 1 1 1 3 9 16
1995 11 0 1 1 1 4 1 8 16
1995 12 4 2 13 10 21 37 76 163
1996 1 1 2 20 13 24 50 122 232
1996 2 3 0 3 3 6 20 35 70
1996 3 2 2 4 2 6 13 13 42
1996 4 1 1 3 2 5 2 8 22
1996 5 2 0 0 1 6 4 4 17
1996 6 0 0 0 0 3 2 1 6
1996 7 1 0 0 0 1 1 1 4
1996 8 1 0 0 0 0 1 2 4
1996 9 1 0 1 0 0 1 0 3
1996 10 1 0 1 3 1 2 3 11
1996 11 0 1 3 1 3 8 13 29
1996 12 5 3 16 13 29 79 161 306
1997 1 4 3 16 12 44 110 224 413
1997 2 4 2 11 5 13 16 47 98
1997 3 4 1 5 6 3 7 27 53
1997 4 6 3 3 2 2 3 7 26
1997 5 1 2 2 0 1 1 6 13
1997 6 0 1 2 1 1 0 1 6
1997 7 1 0 1 0 0 0 0 2
1997 8 0 0 0 0 0 1 1 2
1997 9 0 0 0 0 0 1 1 2
1997 10 0 0 2 1 4 3 4 14
1997 11 1 0 2 2 1 2 11 19
1997 12 1 1 3 2 9 19 38 73
1998 1 2 6 21 16 63 171 313 592
1998 2 2 3 18 27 60 257 465 832
1998 3 2 2 3 11 19 57 122 216
1998 4 0 0 0 2 1 5 7 15
1998 5 0 0 0 0 2 2 1 5
1998 6 0 0 1 0 0 3 4 8
1998 7 0 0 0 0 1 1 0 2
1998 8 1 0 2 0 0 1 0 4
1998 9 0 0 0 0 0 1 0 1
1998 10 2 1 0 3 1 6 5 18
1998 11 0 1 3 2 1 4 1 12
1998 12 0 1 1 0 4 5 8 19
1999 1 3 0 4 3 18 39 70 137
1999 2 5 3 17 17 38 143 254 477
1999 3 8 3 11 21 44 136 276 499
1999 4 3 1 4 4 6 20 58 96
1999 5 0 0 2 0 3 4 7 16
1999 6 1 0 0 0 3 0 1 5
1999 7 0 0 0 0 1 1 1 3
1999 8 1 0 0 1 2 2 2 8
1999 9 1 0 0 0 2 1 3 7
1999 10 0 0 2 1 1 3 7 14
1999 11 0 0 3 5 5 9 19 41
1999 12 4 4 19 19 41 93 183 363
2000 1 5 4 65 76 151 381 682 1364
2000 2 3 2 18 10 25 75 118 251
2000 3 3 0 3 1 3 13 23 46
2000 4 1 2 3 2 1 1 3 13
2000 5 0 1 0 0 2 0 1 4
2000 6 1 0 0 0 0 1 2 4
2000 7 0 0 0 0 1 1 3 5
2000 8 0 0 0 0 0 1 1 2
2000 9 0 0 1 0 1 2 1 5
2000 10 0 0 0 1 2 0 2 5
2000 11 1 1 1 0 2 5 2 12
2000 12 5 1 5 3 11 12 17 54
2001 1 1 6 13 5 7 23 33 88
2001 2 4 3 9 8 5 13 33 75
2001 3 3 0 8 4 1 9 8 33
2001 4 2 0 0 0 1 1 6 10
2001 5 1 0 1 0 0 0 0 2
2001 6 0 1 1 0 1 0 0 3
2001 7 0 0 0 0 1 1 1 3
2001 8 0 1 1 0 0 0 0 2
2001 9 0 0 0 0 0 2 1 3
2001 10 0 0 0 0 2 1 3 6
2001 11 2 0 2 3 1 5 3 16
2001 12 0 1 4 1 3 1 8 18
