year month d0 d10 d40 d60 d70 d80 d90 dtot
1979 1 200 31 403 354 797 1489 1753 5027
1979 2 150 29 297 298 646 1207 1390 4017
1979 3 168 20 318 284 651 1214 1349 4004
1979 4 111 18 278 325 680 1168 1296 3876
1979 5 84 16 278 264 574 1136 1255 3607
1979 6 74 11 249 270 548 991 990 3133
1979 7 82 10 229 221 507 982 961 2992
1979 8 69 10 222 273 533 980 1003 3090
1979 9 80 11 235 272 488 1032 1056 3174
1979 10 108 16 267 310 607 1180 1290 3778
1979 11 110 16 236 269 605 1200 1317 3753
1979 12 153 24 307 374 711 1429 1611 4609
1980 1 166 27 399 394 827 1647 2018 5478
1980 2 177 36 449 439 1053 2157 2711 7022
1980 3 130 19 403 413 968 2015 2626 6574
1980 4 99 11 275 340 691 1300 1444 4160
1980 5 84 12 242 306 572 1081 1172 3469
1980 6 86 9 241 275 489 974 1102 3176
1980 7 85 10 184 265 532 1042 1198 3316
1980 8 62 13 242 291 562 1048 1055 3273
1980 9 72 5 216 234 532 963 1062 3084
1980 10 86 19 229 278 618 1228 1363 3821
1980 11 111 13 249 309 705 1325 1484 4196
1980 12 125 21 454 507 1126 2235 2614 7082
1981 1 148 30 608 765 1623 3286 4219 10679
1981 2 124 22 324 396 878 1750 2242 5736
1981 3 120 11 297 335 715 1449 1718 4645
1981 4 86 8 271 271 590 1246 1414 3886
1981 5 73 16 212 285 538 1101 1247 3472
1981 6 64 13 247 254 503 994 1119 3194
1981 7 63 11 216 254 509 992 1131 3176
1981 8 62 5 239 257 528 1000 1063 3154
1981 9 49 8 203 259 539 982 1157 3197
1981 10 86 8 268 314 628 1286 1492 4082
1981 11 60 15 244 296 599 1241 1427 3882
1981 12 119 15 323 351 708 1436 1715 4667
1982 1 122 17 306 367 749 1613 1920 5094
1982 2 82 10 267 328 635 1304 1624 4250
1982 3 124 19 332 359 784 1580 1826 5024
1982 4 102 12 290 322 734 1422 1800 4682
1982 5 66 16 244 280 623 1206 1478 3913
1982 6 57 11 246 252 567 1030 1215 3378
1982 7 60 6 235 275 561 1109 1295 3541
1982 8 52 11 221 291 553 1044 1118 3290
1982 9 51 3 208 276 552 1039 1263 3392
1982 10 79 15 241 297 630 1203 1489 3954
1982 11 82 12 234 279 627 1172 1459 3865
1982 12 110 11 280 297 674 1418 1739 4529
1983 1 112 16 357 414 850 1881 2408 6038
1983 2 123 17 334 372 849 1898 2581 6174
1983 3 111 15 328 397 928 1887 2601 6267
1983 4 90 14 302 328 804 1540 1987 5065
1983 5 66 7 227 264 640 1300 1629 4133
1983 6 57 8 216 246 593 1126 1342 3588
1983 7 61 3 196 240 563 1185 1385 3633
1983 8 52 4 226 261 594 1118 1294 3549
1983 9 57 5 207 273 536 1078 1293 3449
1983 10 71 12 261 296 634 1261 1717 4252
1983 11 84 9 228 298 661 1385 1769 4434
1983 12 121 21 286 360 796 1643 2075 5302
1984 1 127 26 359 354 830 1872 2425 5993
1984 2 102 22 352 361 850 1870 2342 5899
1984 3 89 17 364 374 967 1982 2590 6383
1984 4 66 13 300 339 848 1733 2170 5469
1984 5 66 18 267 320 707 1433 1812 4623
1984 6 50 8 228 279 641 1262 1540 4008
1984 7 52 5 202 249 595 1182 1387 3672
1984 8 50 13 205 261 640 1213 1391 3773
1984 9 42 14 214 245 569 1222 1479 3785
1984 10 64 11 239 275 726 1465 1841 4621
1984 11 84 8 240 322 729 1543 1897 4823
1984 12 106 16 345 375 885 1829 2307 5863
1985 1 111 17 421 506 1189 2664 3619 8527
1985 2 87 26 428 502 1280 2978 4172 9473
1985 3 114 11 338 423 994 2127 2756 6763
1985 4 72 8 263 326 748 1635 2079 5131
1985 5 68 10 260 313 625 1429 1757 4462
1985 6 51 5 236 257 686 1295 1608 4138
1985 7 47 9 241 280 675 1407 1718 4377
1985 8 49 5 253 259 625 1322 1539 4052
1985 9 61 8 241 263 594 1365 1683 4215
1985 10 68 9 291 278 738 1551 2052 4987
1985 11 78 9 258 302 741 1581 2130 5099
1985 12 119 13 335 426 939 1951 2597 6380
1986 1 130 24 457 424 1135 2479 3376 8025
1986 2 67 21 431 452 1147 2530 3593 8241
1986 3 100 20 369 443 1146 2472 3325 7875
1986 4 68 14 327 371 868 1756 2315 5719
1986 5 51 7 253 322 733 1656 2019 5041
1986 6 67 9 240 271 652 1409 1790 4438
1986 7 46 7 283 272 667 1373 1808 4456
1986 8 50 4 232 275 657 1379 1760 4357
1986 9 67 2 253 278 685 1447 1754 4486
1986 10 46 12 292 316 771 1651 2093 5181
1986 11 69 10 293 320 769 1701 2186 5348
1986 12 102 18 390 406 938 2156 2638 6648
1987 1 119 11 467 457 1116 2508 3314 7992
1987 2 101 8 338 326 950 1939 2700 6362
1987 3 87 10 394 344 1003 2059 2837 6734
1987 4 70 9 289 341 826 1857 2352 5744
1987 5 54 9 297 305 759 1679 2167 5270
1987 6 52 3 253 273 679 1495 1949 4704
1987 7 42 7 277 295 727 1522 1886 4756
1987 8 45 6 238 275 706 1494 1908 4672
1987 9 50 5 256 275 711 1496 1961 4754
1987 10 66 10 332 319 829 1816 2448 5820
1987 11 77 6 303 307 820 1808 2410 5731
1987 12 111 10 390 368 909 2120 2813 6721
1988 1 111 9 420 405 1118 2540 3801 8404
1988 2 108 19 494 452 1224 2889 4316 9502
1988 3 97 12 439 492 1205 2897 4167 9309
1988 4 66 4 387 352 874 2126 2673 6482
1988 5 72 10 297 304 805 1786 2355 5629
1988 6 60 9 280 277 759 1612 2092 5089
1988 7 46 9 299 294 692 1587 1895 4822
1988 8 41 8 262 273 741 1510 1915 4750
1988 9 46 13 275 282 673 1593 1945 4827
1988 10 52 6 318 276 839 1813 2420 5724
1988 11 63 13 360 323 818 1904 2480 5961
1988 12 69 15 407 401 985 2235 3099 7211
1989 1 91 18 475 427 1093 2671 3846 8621
1989 2 116 26 513 462 1162 2755 3972 9006
1989 3 102 13 458 385 1108 2578 3620 8264
1989 4 65 11 318 341 870 1924 2597 6126
1989 5 69 4 329 287 782 1701 2382 5554
1989 6 50 6 274 226 729 1480 2031 4796
1989 7 38 4 259 238 652 1562 2016 4769
1989 8 44 5 246 256 674 1524 1838 4587
1989 9 46 7 291 261 697 1514 2082 4898
1989 10 59 10 338 271 800 1792 2474 5744
1989 11 67 3 312 326 766 1828 2453 5755
1989 12 120 16 474 412 1102 2710 3653 8487
1990 1 129 17 592 657 1687 4019 5779 12880
1990 2 82 11 369 385 1056 2752 3924 8579
1990 3 76 10 377 341 986 2423 3122 7335
1990 4 64 10 339 293 823 1895 2591 6015
1990 5 50 13 337 256 802 1842 2318 5618
1990 6 47 8 276 248 753 1774 2298 5404
1990 7 54 12 310 269 662 1581 2078 4966
1990 8 50 13 273 292 657 1510 1949 4744
1990 9 40 5 271 232 694 1559 2164 4965
1990 10 53 8 301 287 820 1869 2567 5905
1990 11 66 6 345 315 794 1948 2596 6070
1990 12 95 21 380 352 945 2227 3061 7081
1991 1 115 14 459 411 1030 2601 3575 8205
1991 2 101 13 378 363 903 2414 3318 7490
1991 3 102 19 430 381 991 2497 3588 8008
1991 4 71 9 344 299 848 2115 2858 6544
1991 5 68 10 321 286 792 1825 2589 5891
1991 6 45 6 294 228 751 1631 2207 5162
1991 7 31 9 293 267 722 1586 2117 5025
1991 8 37 9 263 245 650 1583 2082 4869
1991 9 48 5 259 231 709 1515 2151 4918
1991 10 51 12 320 292 750 1860 2577 5862
1991 11 54 11 357 271 837 2045 2850 6425
1991 12 94 18 491 470 1254 2933 4241 9501
1992 1 140 20 491 529 1423 3427 5135 11165
1992 2 101 7 360 309 961 2275 3148 7161
1992 3 72 11 352 300 910 2156 2997 6798
1992 4 56 16 328 281 836 1961 2742 6220
1992 5 57 6 307 241 762 1829 2550 5752
1992 6 52 4 263 241 719 1631 2199 5109
1992 7 37 4 264 257 679 1615 2150 5006
1992 8 39 5 264 227 718 1535 2036 4824
1992 9 52 7 240 218 708 1518 2076 4819
1992 10 54 4 278 252 739 1801 2508 5636
1992 11 58 6 346 261 782 1846 2562 5861
1992 12 73 16 393 344 986 2400 3197 7409
1993 1 85 13 456 359 1088 2513 3771 8285
1993 2 97 23 444 369 992 2448 3548 7921
1993 3 99 17 503 439 1242 3045 4749 10094
1993 4 77 9 402 325 1001 2365 3336 7515
1993 5 54 11 309 264 802 1988 2735 6163
1993 6 39 6 287 262 746 1730 2372 5442
1993 7 42 9 278 263 689 1662 2270 5213
1993 8 42 5 271 234 693 1646 2212 5103
1993 9 31 9 286 241 678 1661 2186 5092
1993 10 30 5 327 245 877 1983 2833 6300
1993 11 48 19 374 295 831 1990 2914 6471
1993 12 71 9 477 414 1193 2844 4251 9259
1994 1 101 11 657 552 1731 4414 6516 13982
1994 2 108 9 397 270 1036 2425 3652 7897
1994 3 81 15 337 326 930 2292 3069 7050
1994 4 74 11 347 274 806 1985 2824 6321
1994 5 59 8 355 282 787 1908 2618 6017
1994 6 32 7 270 224 712 1730 2342 5317
1994 7 30 7 281 220 739 1591 2263 5131
1994 8 48 4 317 250 692 1633 2167 5111
1994 9 43 5 292 247 677 1579 2325 5168
1994 10 37 3 324 258 765 1895 2721 6003
1994 11 52 9 348 286 764 1958 2649 6066
1994 12 72 14 446 324 982 2365 3264 7467
1995 1 71 14 490 351 1172 2766 4096 8960
1995 2 66 14 468 354 1061 2598 3897 8458
1995 3 86 14 452 372 1105 2735 4134 8898
1995 4 59 10 339 309 1001 2172 3162 7052
1995 5 44 7 332 306 853 2010 2809 6361
1995 6 32 3 283 221 719 1798 2438 5494
1995 7 39 5 251 232 655 1719 2395 5296
1995 8 28 6 302 220 699 1597 2307 5159
1995 9 27 9 281 219 731 1648 2361 5276
1995 10 60 14 306 249 776 2034 2833 6272
1995 11 47 11 354 269 841 2070 3087 6679
1995 12 90 22 538 362 1133 2852 4063 9060
1996 1 120 17 574 476 1311 3340 4819 10657
1996 2 82 23 374 344 990 2376 3546 7735
1996 3 79 14 434 330 967 2431 3545 7800
1996 4 63 12 383 312 931 2206 3260 7167
1996 5 37 11 318 270 810 1911 2715 6072
1996 6 32 7 288 232 668 1696 2346 5269
1996 7 26 6 261 229 684 1626 2342 5174
1996 8 34 4 261 231 684 1651 2238 5103
1996 9 29 4 294 226 706 1670 2362 5291
1996 10 47 8 316 275 753 1950 2935 6284
1996 11 49 10 310 286 835 2117 2920 6527
1996 12 67 21 520 411 1270 3394 5002 10685
1997 1 76 20 604 495 1515 3978 6070 12758
1997 2 62 10 446 386 992 2558 3828 8282
1997 3 64 18 450 377 991 2708 3903 8511
1997 4 68 18 344 313 891 2319 3219 7172
1997 5 32 8 335 296 812 2122 2946 6551
1997 6 32 5 318 271 696 1834 2404 5560
1997 7 34 12 232 227 677 1781 2511 5474
1997 8 27 12 266 210 656 1626 2357 5154
1997 9 39 9 260 264 689 1673 2407 5341
1997 10 31 3 305 259 763 1942 2795 6098
1997 11 52 10 340 293 817 2085 3079 6676
1997 12 85 16 493 374 1054 2746 4157 8925
1998 1 78 30 604 564 1607 4409 6853 14145
1998 2 71 15 477 468 1293 3660 5996 11980
1998 3 61 18 403 331 1064 2665 4270 8812
1998 4 47 11 317 293 832 2122 3090 6712
1998 5 36 1 346 263 773 2013 2701 6133
1998 6 30 4 288 248 709 1843 2538 5660
1998 7 32 7 281 242 733 1733 2576 5604
1998 8 30 4 288 244 735 1828 2458 5587
1998 9 29 2 254 262 661 1745 2506 5459
1998 10 49 13 339 277 833 2083 3022 6616
1998 11 69 5 341 291 809 2232 3291 7038
1998 12 56 11 378 379 967 2538 3842 8171
1999 1 58 17 344 273 743 2199 3647 7281
1999 2 59 20 411 315 792 2278 3915 7790
1999 3 77 10 421 323 818 2543 4160 8352
1999 4 42 4 290 224 605 1599 2633 5397
1999 5 26 5 213 157 474 1335 2054 4264
1999 6 23 1 213 158 429 1087 1676 3587
1999 7 18 4 153 170 425 1031 1769 3570
1999 8 24 3 181 133 399 1001 1620 3361
1999 9 22 4 183 173 377 1105 1814 3678
1999 10 31 4 220 155 481 1330 2160 4381
1999 11 31 5 251 211 534 1469 2281 4782
1999 12 40 16 405 338 794 2226 3505 7324
2000 1 68 13 657 559 1266 3574 6069 12206
2000 2 54 9 370 312 756 2069 3315 6885
2000 3 39 5 283 227 582 1699 2648 5483
2000 4 28 9 262 230 491 1456 2218 4694
2000 5 27 6 216 196 530 1285 2009 4269
2000 6 25 4 204 174 468 1250 1864 3989
2000 7 23 3 189 165 426 1188 1874 3868
2000 8 19 2 195 173 487 1231 1835 3942
2000 9 24 4 183 170 453 1192 1971 3997
2000 10 21 14 233 196 513 1436 2244 4657
2000 11 25 11 254 240 569 1470 2429 4998
2000 12 39 7 360 246 660 1986 3084 6382
2001 1 48 16 410 291 726 2185 3598 7274
2001 2 68 17 393 307 621 1742 2918 6066
2001 3 60 9 320 272 650 1855 2968 6134
2001 4 37 6 284 223 594 1608 2605 5357
2001 5 26 2 238 179 529 1427 2411 4812
2001 6 20 3 233 178 547 1461 2224 4666
2001 7 16 8 223 191 475 1261 2058 4232
2001 8 19 4 200 174 406 1169 1869 3841
2001 9 22 7 227 184 413 1212 1945 4010
2001 10 24 7 255 220 547 1531 2506 5090
2001 11 34 6 236 211 538 1569 2357 4951
2001 12 37 7 297 276 617 1671 2742 5647
