year month d0 d10 d40 d60 d70 d80 d90 dtot
1979 1 441 99 7497 13369 24292 31558 24161 101417
1979 2 396 91 6432 11742 21527 27804 20746 88738
1979 3 407 64 6917 12466 22638 29323 21667 93482
1979 4 303 63 6607 11919 21925 27888 20953 89658
1979 5 261 62 6782 12124 22098 28080 20974 90381
1979 6 193 50 6292 11471 20608 26110 19318 84042
1979 7 235 72 6562 11332 20677 26159 19399 84436
1979 8 212 52 6280 11072 20347 25490 19030 82483
1979 9 264 55 5982 10603 19783 25613 19208 81508
1979 10 315 74 6423 11886 21903 28530 21526 90657
1979 11 321 77 6343 11538 21814 28070 21832 89995
1979 12 384 73 6961 12524 23679 31029 24361 99011
1980 1 415 92 7038 12877 24306 32254 25807 102789
1980 2 423 99 6786 12569 23898 32648 27159 103582
1980 3 361 88 6852 12618 24602 33016 26820 104357
1980 4 324 65 6399 11659 22427 28274 22003 91151
1980 5 260 56 6374 11828 22326 27808 20512 89164
1980 6 257 63 6148 11353 20642 25930 19446 83839
1980 7 249 65 6516 11596 21516 27185 20607 87734
1980 8 218 80 6222 11132 20363 26264 19764 84043
1980 9 223 50 5929 10597 19879 25054 19359 81091
1980 10 276 80 6230 11645 22139 28633 22002 91005
1980 11 317 64 6295 11775 22130 29034 22716 92331
1980 12 383 69 7476 13575 26408 35386 29129 112426
1981 1 416 89 7585 14533 28290 38746 33824 123483
1981 2 349 73 6142 11705 22286 29532 24153 94240
1981 3 381 62 6672 12107 23416 29877 23726 96241
1981 4 247 52 6337 11552 21980 27806 21614 89588
1981 5 241 72 6410 12026 22127 27812 21270 89958
1981 6 203 73 6042 11014 20561 25909 20015 83817
1981 7 227 70 6319 11188 20651 26253 20692 85400
1981 8 208 64 6100 10853 19963 25813 20281 83282
1981 9 232 58 6019 10604 19952 25419 19976 82260
1981 10 293 64 6238 11686 22137 28533 23032 91983
1981 11 262 76 6134 11383 21828 28195 22570 90448
1981 12 335 81 6758 12571 23715 31171 25048 99679
1982 1 352 83 6738 13053 24746 32990 26301 104263
1982 2 286 50 5915 10996 21008 27578 22566 88399
1982 3 341 82 6580 12185 23757 31209 25015 99169
1982 4 292 73 6260 11649 23336 30143 24483 96236
1982 5 249 77 6333 11673 22612 29136 22839 92919
1982 6 196 71 5925 11102 20927 26905 20719 85845
1982 7 214 75 6139 11311 21396 27118 21823 88076
1982 8 197 66 5816 10743 20169 26380 20742 84113
1982 9 230 66 5598 10423 20279 26146 21049 83791
1982 10 281 72 5939 11403 21789 28930 22837 91251
1982 11 262 57 5912 11230 21516 28236 22921 90134
1982 12 326 77 6296 11989 23047 30839 24837 97411
1983 1 363 89 6555 12622 24584 33248 27657 105118
1983 2 382 77 5938 11796 22929 31035 26418 98575
1983 3 339 65 6369 12241 24153 33033 27467 103667
1983 4 290 70 6202 11755 23061 30414 25494 97286
1983 5 250 62 6203 11663 22681 29351 23338 93548
1983 6 240 52 5867 10887 21233 27029 21342 86650
1983 7 226 60 5964 11236 21034 27760 22461 88741
1983 8 245 53 5751 10606 20171 26669 21529 85024
1983 9 239 44 5553 10263 19861 26209 21071 83240
1983 10 289 69 5892 11012 21505 28779 23515 91061
1983 11 291 62 5900 11146 21778 29332 24247 92756
1983 12 379 64 6471 12650 24421 33069 27473 104527
1984 1 387 100 6540 12335 24372 33100 28738 105572
1984 2 343 96 6068 11445 22261 30662 25956 96831
1984 3 318 68 6253 12289 24261 32861 27990 104040
1984 4 258 71 5869 11560 22763 31119 25656 97296
1984 5 242 68 6068 11459 22301 29730 24177 94045
1984 6 213 66 5834 10790 21255 27735 22161 88054
1984 7 221 65 5731 10698 20553 26927 21835 86030
1984 8 224 62 5575 10424 19968 26892 21549 84694
1984 9 240 69 5419 10167 19872 26813 21770 84350
1984 10 269 62 5709 10880 21246 28740 23732 90638
1984 11 296 60 6041 11160 22051 29892 24472 93972
1984 12 331 73 6272 12069 23919 33031 27879 103574
1985 1 333 103 6869 13238 26718 37820 32896 117977
1985 2 305 74 6168 11902 24458 35125 31327 109359
1985 3 334 62 6137 11682 23753 33127 28257 103352
1985 4 292 54 5815 11116 22057 30090 24577 94001
1985 5 256 70 6012 11122 21741 28956 23736 91893
1985 6 212 67 5645 10156 20297 27136 21965 85478
1985 7 231 65 5697 10360 20496 27301 22317 86467
1985 8 215 50 5741 10183 19847 26873 22040 84949
1985 9 238 54 5450 10167 19853 27084 22391 85237
1985 10 264 60 5695 10580 21571 29278 25329 92777
1985 11 281 61 5667 10732 21180 29198 25131 92250
1985 12 373 65 6408 12063 24392 33730 29129 106160
1986 1 416 78 6577 12173 24869 35488 31377 110978
1986 2 291 102 5784 11228 23141 32681 29098 102325
1986 3 306 74 6278 11784 24335 34174 30188 107139
1986 4 273 59 5903 10848 22153 30391 25696 95323
1986 5 237 58 5842 10720 21612 29626 24482 92577
1986 6 222 49 5659 10006 20021 27535 22712 86204
1986 7 216 60 5697 10309 20826 27986 23557 88651
1986 8 226 44 5480 9883 19776 27376 22354 85139
1986 9 238 56 5533 9629 19926 27255 22868 85505
1986 10 230 48 5690 10273 21444 29274 24859 91818
1986 11 298 57 5833 10529 21824 30329 25627 94497
1986 12 334 81 6302 11492 23807 33725 28932 104673
1987 1 359 71 6606 11978 25243 35776 31314 111347
1987 2 310 47 5614 10055 21781 30237 26724 94768
1987 3 307 79 6298 11073 23589 33454 28774 103574
1987 4 258 69 5861 10662 22118 30907 26205 96080
1987 5 214 62 5861 10457 21759 30134 25045 93532
1987 6 210 41 5579 9727 20332 27743 23592 87224
1987 7 186 72 5814 9951 20476 28412 24146 89057
1987 8 218 52 5443 9600 19888 27719 24008 86928
1987 9 234 70 5297 9325 19434 27761 23821 85942
1987 10 267 64 5859 10137 21662 30704 27189 95882
1987 11 276 53 5668 9926 21219 30478 26912 94532
1987 12 360 75 6228 10897 22968 33505 29711 103744
1988 1 355 61 6302 11413 24427 36436 33284 112278
1988 2 323 62 6155 10791 23716 35034 32658 108739
1988 3 314 66 6192 11121 24661 35913 32943 111210
1988 4 253 47 5631 10176 21901 31326 26789 96123
1988 5 229 64 5865 10100 21503 30562 26110 94433
1988 6 210 64 5409 9589 20171 28214 23959 87616
1988 7 212 58 5726 9591 20115 28348 24287 88337
1988 8 216 74 5619 9409 19737 28241 23906 87202
1988 9 221 61 5290 9111 19026 27834 23648 85191
1988 10 224 60 5665 9703 21270 30365 26498 93785
1988 11 272 58 5662 9697 21032 30209 26344 93274
1988 12 287 83 6161 10665 23022 33965 30018 104201
1989 1 287 81 6224 10724 23479 35281 31854 107930
1989 2 330 79 5753 10129 21791 32753 30119 100954
1989 3 289 73 6197 10419 22829 34161 30853 104821
1989 4 220 55 5578 9512 20733 30074 25808 91980
1989 5 217 55 5749 9451 20653 29459 25199 90783
1989 6 205 52 5291 8824 19025 27051 23389 83837
1989 7 187 52 5456 8656 18811 27281 23820 84263
1989 8 174 46 5348 8643 18707 27343 23316 83577
1989 9 196 62 5114 8578 18179 26651 23644 82424
1989 10 222 68 5610 9178 19789 29704 26535 91106
1989 11 252 67 5524 9166 20084 29763 26380 91236
1989 12 336 60 6445 10893 24161 36926 32965 111786
1990 1 385 83 6436 11424 25734 40122 37651 121835
1990 2 269 65 5380 9153 21183 32243 29490 97783
1990 3 260 61 5717 9641 21628 32592 28630 98529
1990 4 240 60 5571 9138 20187 29793 26118 91107
1990 5 208 65 5574 9132 19987 29303 25199 89468
1990 6 231 52 5361 8537 18968 27831 24003 84983
1990 7 219 67 5541 8643 18818 27402 24301 84991
1990 8 198 70 5338 8345 18308 26709 23396 82364
1990 9 193 66 5192 8168 18177 26411 23902 82109
1990 10 217 60 5501 8547 19539 29369 26515 89748
1990 11 239 55 5683 8914 19622 29777 26685 90975
1990 12 269 78 5907 9705 21871 32559 29704 100093
1991 1 333 81 6179 9999 22623 34081 31481 104777
1991 2 283 59 5488 8933 20067 30704 28673 94207
1991 3 287 82 5988 9548 22185 33151 30878 102119
1991 4 272 59 5697 8958 20620 30351 27465 93422
1991 5 237 47 5706 8952 20199 29918 26330 91389
1991 6 179 53 5540 8169 18603 27605 24585 84734
1991 7 157 64 5700 8407 18677 27828 24939 85772
1991 8 198 64 5550 8012 17987 26826 24300 82937
1991 9 201 45 5267 7743 18005 26596 24132 81989
1991 10 208 62 5524 8500 19540 29619 27505 90958
1991 11 231 63 5817 8787 20243 30809 28513 94463
1991 12 313 76 6258 10193 23614 36227 34092 110773
1992 1 361 67 6413 10182 23944 37445 36409 114821
1992 2 309 65 5822 8613 20239 30881 28869 94798
1992 3 258 72 5885 8992 21068 31471 29059 96805
1992 4 223 65 5669 8464 19738 29886 27302 91347
1992 5 205 53 5827 8614 19721 29436 26800 90656
1992 6 183 45 5551 8056 18537 27747 25208 85327
1992 7 198 54 5688 8129 18615 27505 25154 85343
1992 8 193 52 5508 7908 18165 27544 24932 84302
1992 9 205 56 5430 7692 17931 26816 24924 83054
1992 10 219 56 5774 8229 19489 29655 27727 91149
1992 11 212 61 5850 8535 19610 29457 28048 91773
1992 12 260 59 6278 9392 21871 33983 32662 104505
1993 1 279 74 6385 9349 22173 34332 33548 106140
1993 2 316 81 6035 8695 20958 32665 32062 100812
1993 3 292 67 6731 9779 23787 37584 37125 115365
1993 4 250 49 6106 8859 20798 32556 31156 99774
1993 5 210 64 5880 8484 20357 30853 28560 94408
1993 6 181 54 5807 8135 18747 28278 26401 87603
1993 7 187 69 6053 8267 18818 28480 26949 88823
1993 8 183 75 5630 7914 18171 27497 26067 85537
1993 9 191 74 5547 7533 17995 27395 26433 85168
1993 10 181 59 6004 8307 19612 30524 29702 94389
1993 11 204 64 5919 8357 19616 31151 30048 95359
1993 12 270 81 6647 9511 23126 36686 36078 112399
1994 1 300 63 7209 10703 26037 42142 43505 129959
1994 2 273 58 5867 8350 20522 32355 31795 99220
1994 3 272 75 6366 8751 20987 32792 31524 100767
1994 4 245 49 5980 8279 19724 30590 29882 94749
1994 5 232 62 6309 8292 19741 30200 29105 93941
1994 6 185 75 6063 7816 18342 28313 27027 87821
1994 7 191 53 5945 7743 18174 28344 27229 87679
1994 8 195 47 6037 7450 18011 28009 26992 86741
1994 9 168 68 5741 7633 17825 27350 27095 85880
1994 10 199 78 6174 7987 19137 30174 29798 93547
1994 11 183 59 6062 7900 18929 30152 29990 93275
1994 12 219 74 6712 8764 20963 33842 33657 104231
1995 1 235 61 6971 9191 22475 36035 36395 111363
1995 2 236 65 6131 8374 20290 33128 33614 101838
1995 3 263 52 6669 9016 22022 35437 35651 109110
1995 4 210 57 6322 8261 19984 31631 31523 97988
1995 5 193 62 6249 8095 19608 31284 30447 95938
1995 6 184 69 6135 7644 17838 28771 27834 88475
1995 7 173 54 6386 7866 18332 29169 28864 90844
1995 8 170 58 6117 7524 17439 27898 27926 87132
1995 9 165 60 5720 7298 17477 27608 27780 86108
1995 10 229 66 6178 7829 18421 30238 30694 93655
1995 11 197 50 6288 8261 19223 31114 32296 97429
1995 12 256 96 7181 9152 22280 36056 37130 112151
1996 1 326 78 7299 9644 23107 38382 39649 118485
1996 2 219 70 6290 8388 19482 32949 33597 100995
1996 3 248 79 6599 8599 20710 34483 34530 105248
1996 4 214 65 6110 8269 19531 31973 32656 98818
1996 5 182 67 6539 8002 19020 30839 30064 94713
1996 6 148 62 5966 7584 17242 28399 27985 87386
1996 7 177 68 6287 7498 17421 28536 28280 88267
1996 8 162 66 5890 7290 16768 27937 28028 86141
1996 9 147 69 5900 7354 16898 27612 27799 85779
1996 10 195 71 6228 7862 18402 30905 31672 95335
1996 11 204 68 6332 7926 18712 31409 31831 96482
1996 12 235 83 7104 9277 22261 38768 40863 118591
1997 1 249 96 7255 9550 23246 40721 43184 124301
1997 2 238 60 6237 8090 18797 32276 33614 99312
1997 3 220 83 6939 8560 20670 34772 35939 107183
1997 4 216 71 6321 8122 18991 32681 32862 99264
1997 5 194 58 6388 8175 18711 31357 31659 96542
1997 6 160 50 6080 7569 17139 28795 28249 88042
1997 7 170 56 6148 7392 16972 28518 28779 88035
1997 8 142 62 6150 7387 16667 27868 28305 86581
1997 9 189 68 5875 7197 16260 27702 28438 85729
1997 10 182 57 6395 7721 17841 30420 31638 94254
1997 11 193 67 6356 7805 18275 31613 33003 97312
1997 12 253 57 6982 8987 20705 35963 38340 111287
1998 1 270 110 7367 9872 23031 41720 45413 127783
1998 2 238 73 6349 8478 20054 36393 39551 111136
1998 3 226 70 6731 8357 19842 34888 36972 107086
1998 4 205 75 6235 7910 18095 31029 31408 94957
1998 5 190 47 6455 7759 17958 30859 30728 93996
1998 6 167 63 6249 7594 17161 29114 29172 89520
1998 7 179 53 6304 7553 16903 28546 29385 88923
1998 8 159 56 6193 7353 16616 28737 29394 88508
1998 9 174 58 5923 7184 15893 27775 29044 86051
1998 10 192 75 6276 7681 17576 30819 32759 95378
1998 11 212 52 6197 7819 17510 31695 32992 96477
1998 12 204 79 6638 8500 19211 34550 36529 105711
191999 1 202 59 7123 9541 20956 38736 42353 118970
191999 2 192 80 6426 8311 19431 36048 39068 109556
191999 3 228 70 7030 9173 21043 38942 42086 118572
191999 4 173 54 6302 7983 17981 32414 34089 98996
191999 5 141 58 6210 7776 16828 30446 31684 93143
191999 6 142 50 6172 7091 15645 28007 29074 86181
191999 7 132 47 6174 7325 16122 28582 29940 88322
191999 8 112 54 5834 6968 15245 27440 29306 84959
191999 9 112 52 5851 6860 15029 27453 29359 84716
191999 10 148 55 6101 7557 16672 30341 33068 93942
191999 11 157 54 6039 7553 16465 30303 33134 93705
191999 12 174 57 7069 9278 20195 37430 40429 114632
2000 1 238 82 7845 10215 22618 42708 48853 132559
2000 2 182 62 6655 8160 17945 33533 36887 103424
2000 3 175 61 6473 8041 17634 32831 35004 100219
2000 4 134 64 6306 7652 16487 30085 32427 93155
2000 5 134 52 6312 7828 16587 29972 31880 92765
2000 6 131 51 6034 7180 15467 28073 29806 86742
2000 7 152 56 6187 7389 15461 28306 30792 88343
2000 8 133 42 6119 7273 15215 28327 30726 87835
2000 9 124 46 6062 7154 15031 28203 31027 87647
2000 10 142 57 6178 7496 16147 30906 33744 94670
2000 11 135 64 6367 7786 16469 31647 34414 96882
2000 12 143 64 7160 8855 18438 35695 39653 110008
2001 1 210 78 7289 9052 19232 37074 41389 114324
2001 2 200 69 6620 7939 16711 32309 35401 99249
2001 3 196 67 6999 8661 17960 35053 38389 107325
2001 4 143 49 6530 7910 16880 32309 35434 99255
2001 5 157 45 6552 7716 16271 31428 34149 96318
2001 6 121 63 6404 7258 15378 29476 32163 90863
2001 7 127 50 6321 7367 15012 28519 31337 88733
2001 8 138 39 6385 7333 14819 27891 30614 87219
2001 9 132 50 6069 7163 14078 27470 30727 85689
2001 10 158 53 6404 7631 15727 30856 33985 94814
2001 11 160 61 6164 7738 15635 30125 32969 92852
2001 12 158 43 6909 8330 17016 33010 36275 101741
